0.000000000000000000e+00
0.000000000000000000e+00
0.000000000000000000e+00
0.000000000000000000e+00
0.000000000000000000e+00
0.000000000000000000e+00
0.000000000000000000e+00
0.000000000000000000e+00
0.000000000000000000e+00
0.000000000000000000e+00
0.000000000000000000e+00
0.000000000000000000e+00
0.000000000000000000e+00
0.000000000000000000e+00
6.728091869412287235e-03
2.859438931632864514e-02
5.298372403595855845e-02
6.307587312681277314e-02
7.064498494495156933e-02
1.005008462458404223e-01
1.421308227950757175e-01
1.812377966842106392e-01
2.060476376159550427e-01
2.291754552041221360e-01
2.459957036888749116e-01
2.598724086887941320e-01
2.598724086887843621e-01
2.636569645978459331e-01
2.708055702038619783e-01
2.695440515675013859e-01
2.695440515675013859e-01
2.695440515675013859e-01
2.695440515675013859e-01
2.695440515675013859e-01
2.695440515675013859e-01
2.695440515675013859e-01
2.695440515675013859e-01
2.695440515675013859e-01
2.695440515675013859e-01
2.695440515675013859e-01
2.695440515675013859e-01
2.695440515675013859e-01
2.695440515675013859e-01
2.695440515675013859e-01
2.695440515675013859e-01
2.695440515675013859e-01
2.695440515675013859e-01
2.695440515675013859e-01
2.695440515675013859e-01
2.695440515675013859e-01
2.695440515675013859e-01
2.695440515675013859e-01
2.695440515675013859e-01
2.695440515675013859e-01
2.695440515675013859e-01
2.695440515675013859e-01
2.695440515675013859e-01
2.695440515675013859e-01
2.695440515675013859e-01
2.695440515675013859e-01
2.695440515675013859e-01
2.695440515675013859e-01
2.716465826280924922e-01
2.741696199007976342e-01
2.779541758098587056e-01
2.758516447492586066e-01
2.754311385371393528e-01
2.754311385371393528e-01
2.754311385371393528e-01
2.754311385371393528e-01
2.754311385371393528e-01
2.754311385371393528e-01
2.754311385371393528e-01
2.754311385371393528e-01
2.754311385371393528e-01
2.754311385371393528e-01
2.754311385371393528e-01
2.754311385371393528e-01
2.699645622942839496e-01
2.548263386579902590e-01
2.371650777489809903e-01
2.308574845671853837e-01
2.249703975975090309e-01
2.220268541126708961e-01
2.216063479005516146e-01
2.216063479005516146e-01
2.216063479005516146e-01
2.216063479005516146e-01
2.216063479005516146e-01
2.216063479005516146e-01
2.216063479005516146e-01
2.216063479005516146e-01
2.216063479005516146e-01
2.216063479005516146e-01
2.216063479005516146e-01
2.216063479005516146e-01
2.216063479005516146e-01
2.216063479005516146e-01
2.216063479005516146e-01
2.216063479005516146e-01
2.216063479005516146e-01
2.216063479005516146e-01
2.216063479005516146e-01
2.216063479005516146e-01
2.216063479005516146e-01
2.216063479005516146e-01
2.216063479005516146e-01
2.216063479005516146e-01
2.216063479005516146e-01
2.216063479005516146e-01
2.216063479005516146e-01
2.216063479005516146e-01
2.216063479005516146e-01
2.216063479005516146e-01
2.216063479005516146e-01
2.190833151425310987e-01
2.043656097575436148e-01
1.984785227878738678e-01
1.984785227878738678e-01
1.984785227878738678e-01
1.984785227878738678e-01
1.984785227878738678e-01
1.984785227878738678e-01
1.984785227878738678e-01
1.984785227878738678e-01
1.984785227878738678e-01
1.984785227878738678e-01
1.984785227878738678e-01
1.984785227878738678e-01
1.984785227878738678e-01
1.984785227878738678e-01
1.984785227878738678e-01
1.984785227878738678e-01
1.984785227878738678e-01
1.984785227878738678e-01
1.984785227878738678e-01
1.984785227878738678e-01
1.984785227878738678e-01
1.984785227878738678e-01
1.984785227878738678e-01
1.984785227878738678e-01
1.984785227878738678e-01
1.984785227878738678e-01
1.984785227878738678e-01
1.984785227878738678e-01
1.984785227878738678e-01
1.984785227878738678e-01
1.984785227878741176e-01
2.031040896162877307e-01
2.043656022330579969e-01
2.043656022330579969e-01
2.043656022330579969e-01
2.043656022330579969e-01
2.043656022330579969e-01
2.043656022330579969e-01
2.043656022330579969e-01
2.043656022330579969e-01
2.043656022330579969e-01
2.043656022330579969e-01
2.043656022330579969e-01
2.043656022330579969e-01
2.043656022330579969e-01
2.043656022330579969e-01
2.043656022330579969e-01
2.043656022330579969e-01
2.043656022330579969e-01
2.043656022330579969e-01
2.043656022330579969e-01
2.043656022330579969e-01
2.043656022330579969e-01
2.043656022330579969e-01
2.119346779336795938e-01
2.468364918834932698e-01
2.649181235640377663e-01
2.649181235640377663e-01
2.649181235640377663e-01
2.649181235640377663e-01
2.649181235640377663e-01
2.649181235640377663e-01
2.649181235640377663e-01
2.649181235640377663e-01
2.649181235640377663e-01
2.649181235640377663e-01
2.649181235640377663e-01
2.649181235640377663e-01
2.649181235640377663e-01
2.649181235640377663e-01
2.649181235640377663e-01
2.649181235640377663e-01
2.649181235640377663e-01
2.649181235640377663e-01
2.565080218951160118e-01
2.342212588682812124e-01
2.295957025741502122e-01
2.295957025741502122e-01
2.295957025741502122e-01
2.295957025741502122e-01
2.295957025741502122e-01
2.295957025741502122e-01
2.295957025741502122e-01
2.295957025741502122e-01
2.295957025741502122e-01
2.295957025741502122e-01
2.295957025741502122e-01
2.295957025741502122e-01
2.295957025741502122e-01
2.295957025741502122e-01
2.295957025741502122e-01
2.295957025741502122e-01
2.295957025741502122e-01
2.295957025741502122e-01
2.295957025741502122e-01
2.140369968041110349e-01
2.047858736815723613e-01
2.047858736815723613e-01
2.047858736815723613e-01
2.047858736815723613e-01
2.047858736815723613e-01
2.047858736815723613e-01
2.047858736815723613e-01
2.047858736815723613e-01
2.047858736815723613e-01
2.047858736815723613e-01
2.047858736815723613e-01
2.047858736815723613e-01
2.081499173589330676e-01
2.333802073167384750e-01
2.489388829888518340e-01
2.502003956056221279e-01
2.502003956056221279e-01
2.502003956056221279e-01
2.502003956056221279e-01
2.502003956056221279e-01
2.502003956056221279e-01
2.502003956056221279e-01
2.502003956056221279e-01
2.502003956056221279e-01
2.502003956056221279e-01
2.502003956056221279e-01
2.502003956056221279e-01
2.502003956056221279e-01
2.502003956056221279e-01
2.502003956056221279e-01
2.502003956056221279e-01
2.502003956056221279e-01
2.502003956056221279e-01
2.502003956056221279e-01
2.502003956056221279e-01
2.502003956056221279e-01
2.502003956056221279e-01
2.502003956056221279e-01
2.502003956056221279e-01
2.502003956056221279e-01
2.502003956056221279e-01
2.502003956056221279e-01
2.502003956056221279e-01
2.502003956056221279e-01
2.502003956056221279e-01
2.502003956056221279e-01
2.502003956056221279e-01
2.502003956056221279e-01
2.502003956056221279e-01
2.502003956056221279e-01
2.502003956056221279e-01
2.502003956056221279e-01
2.502003956056221279e-01
2.502003956056221279e-01
2.502003956056221279e-01
2.502003956056221279e-01
2.502003956056221279e-01
2.502003956056221279e-01
2.502003956056221279e-01
2.502003956056221279e-01
2.502003956056221279e-01
2.502003956056221279e-01
2.502003956056221279e-01
2.502003956056221279e-01
2.502003956056221279e-01
2.502003956056221279e-01
2.502003956056221279e-01
2.502003956056221279e-01
2.502003956056221279e-01
2.502003956056221279e-01
2.502003956056221279e-01
2.502003956056221279e-01
2.502003956056221279e-01
2.502003956056221279e-01
2.502003956056221279e-01
2.502003956056221279e-01
2.502003956056221279e-01
2.502003956056221279e-01
2.502003956056221279e-01
2.502003956056221279e-01
2.502003956056221279e-01
2.502003956056221279e-01
2.502003956056221279e-01
2.502003956056221279e-01
2.502003956056221279e-01
2.502003956056221279e-01
2.502003956056221279e-01
2.502003956056221279e-01
2.502003956056221279e-01
2.502003956056221279e-01
2.502003956056221279e-01
2.502003956056221279e-01
2.502003956056221279e-01
2.502003956056221279e-01
2.502003956056221279e-01
2.502003956056221279e-01
2.502003956056221279e-01
2.502003956056221279e-01
2.502003956056221279e-01
2.502003956056221279e-01
2.502003956056221279e-01
2.502003956056221279e-01
2.502003956056221279e-01
2.502003956056221279e-01
2.502003956056221279e-01
2.502003956056221279e-01
2.502003956056221279e-01
2.502003956056221279e-01
2.502003956056221279e-01
2.502003956056221279e-01
2.502003956056221279e-01
2.502003956056221279e-01
2.502003956056221279e-01
2.502003956056221279e-01
2.502003956056221279e-01
2.502003956056221279e-01
2.502003956056221279e-01
2.502003956056221279e-01
2.502003956056221279e-01
2.502003956056221279e-01
2.502003956056221279e-01
2.502003956056221279e-01
2.502003956056221279e-01
2.502003956056221279e-01
2.502003956056221279e-01
2.502003956056221279e-01
2.502003956056221279e-01
2.502003956056221279e-01
2.502003956056221279e-01
2.502003956056221279e-01
2.502003956056221279e-01
2.502003956056221279e-01
2.502003956056221279e-01
2.502003956056221279e-01
2.502003956056221279e-01
2.502003956056221279e-01
2.502003956056221279e-01
2.502003956056221279e-01
2.502003956056221279e-01
2.502003956056221279e-01
2.502003956056221279e-01
2.502003956056221279e-01
2.502003956056221279e-01
2.502003956056221279e-01
2.502003956056221279e-01
2.502003956056221279e-01
2.502003956056221279e-01
2.502003956056221279e-01
2.502003956056221279e-01
2.502003956056221279e-01
2.502003956056221279e-01
2.502003956056221279e-01
2.502003956056221279e-01
2.502003956056221279e-01
2.502003956056221279e-01
2.502003956056221279e-01
2.502003956056221279e-01
2.502003956056221279e-01
2.502003956056221279e-01
2.502003956056221279e-01
2.502003956056221279e-01
2.502003956056221279e-01
2.502003956056221279e-01
2.502003956056221279e-01
2.502003956056221279e-01
2.502003956056221279e-01
2.502003956056221279e-01
2.502003956056221279e-01
2.502003956056221279e-01
2.502003956056221279e-01
2.502003956056221279e-01
2.502003956056221279e-01
2.502003956056221279e-01
2.502003956056221279e-01
2.502003956056221279e-01
2.502003956056221279e-01
2.502003956056221279e-01
2.502003956056221279e-01
2.502003956056221279e-01
2.502003956056221279e-01
2.502003956056221279e-01
2.502003956056221279e-01
2.502003956056221279e-01
2.502003956056221279e-01
2.502003956056221279e-01
2.502003956056221279e-01
2.502003956056221279e-01
2.502003956056221279e-01
2.502003956056221279e-01
2.502003956056221279e-01
2.502003956056221279e-01
2.502003956056221279e-01
2.502003956056221279e-01
2.502003956056221279e-01
2.502003956056221279e-01
2.502003956056221279e-01
2.502003956056221279e-01
2.502003956056221279e-01
2.502003956056221279e-01
2.502003956056221279e-01
2.502003956056221279e-01
2.502003956056221279e-01
2.502003956056221279e-01
2.502003956056221279e-01
2.502003956056221279e-01
2.502003956056221279e-01
2.502003956056221279e-01
2.502003956056221279e-01
2.502003956056221279e-01
2.502003956056221279e-01
2.502003956056221279e-01
2.502003956056221279e-01
2.502003956056221279e-01
2.502003956056221279e-01
2.502003956056221279e-01
2.502003956056221279e-01
2.502003956056221279e-01
2.502003956056221279e-01
2.502003956056221279e-01
2.502003956056221279e-01
2.502003956056221279e-01
2.502003956056221279e-01
2.502003956056221279e-01
2.502003956056221279e-01
2.502003956056221279e-01
2.502003956056221279e-01
2.502003956056221279e-01
2.502003956056221279e-01
2.502003956056221279e-01
2.502003956056221279e-01
2.502003956056221279e-01
2.502003956056221279e-01
2.502003956056221279e-01
2.502003956056221279e-01
2.502003956056221279e-01
2.502003956056221279e-01
2.502003956056221279e-01
2.502003956056221279e-01
2.502003956056221279e-01
2.502003956056221279e-01
2.502003956056221279e-01
2.502003956056221279e-01
2.502003956056221279e-01
2.502003956056221279e-01
2.502003956056221279e-01
2.502003956056221279e-01
2.502003956056221279e-01
2.502003956056221279e-01
2.502003956056221279e-01
2.502003956056221279e-01
2.502003956056221279e-01
2.502003956056221279e-01
2.502003956056221279e-01
2.502003956056221279e-01
2.502003956056221279e-01
2.502003956056221279e-01
2.502003956056221279e-01
2.502003956056221279e-01
2.502003956056221279e-01
2.502003956056221279e-01
2.502003956056221279e-01
2.502003956056221279e-01
2.502003956056221279e-01
2.502003956056221279e-01
2.502003956056221279e-01
2.502003956056221279e-01
2.502003956056221279e-01
2.502003956056221279e-01
2.502003956056221279e-01
2.502003956056221279e-01
2.502003956056221279e-01
2.502003956056221279e-01
2.502003956056221279e-01
2.502003956056221279e-01
2.502003956056221279e-01
2.502003956056221279e-01
2.502003956056221279e-01
2.502003956056221279e-01
2.502003956056221279e-01
2.502003956056221279e-01
2.502003956056221279e-01
2.502003956056221279e-01
2.502003956056221279e-01
2.502003956056221279e-01
2.502003956056221279e-01
2.502003956056221279e-01
2.502003956056221279e-01
2.502003956056221279e-01
2.502003956056221279e-01
2.502003956056221279e-01
2.502003956056221279e-01
2.502003956056221279e-01
2.502003956056221279e-01
2.502003956056221279e-01
2.502003956056221279e-01
2.502003956056221279e-01
2.502003956056221279e-01
2.502003956056221279e-01
2.502003956056221279e-01
2.502003956056221279e-01
2.502003956056221279e-01
2.502003956056221279e-01
2.502003956056221279e-01
2.502003956056221279e-01
2.502003956056221279e-01
2.502003956056221279e-01
2.502003956056221279e-01
2.502003956056221279e-01
2.502003956056221279e-01
2.502003956056221279e-01
2.502003956056221279e-01
2.502003956056221279e-01
2.502003956056221279e-01
2.502003956056221279e-01
2.502003956056221279e-01
2.502003956056221279e-01
2.502003956056221279e-01
2.502003956056221279e-01
2.502003956056221279e-01
2.502003956056221279e-01
2.502003956056221279e-01
2.502003956056221279e-01
2.502003956056221279e-01
2.502003956056221279e-01
2.502003956056221279e-01
2.502003956056221279e-01
2.502003956056221279e-01
2.502003956056221279e-01
2.502003956056221279e-01
2.502003956056221279e-01
2.502003956056221279e-01
2.502003956056221279e-01
2.502003956056221279e-01
2.502003956056221279e-01
2.502003956056221279e-01
2.502003956056221279e-01
2.502003956056221279e-01
2.502003956056221279e-01
2.502003956056221279e-01
2.502003956056221279e-01
2.502003956056221279e-01
2.502003956056221279e-01
2.502003956056221279e-01
2.502003956056221279e-01
2.502003956056221279e-01
2.502003956056221279e-01
2.502003956056221279e-01
2.502003956056221279e-01
2.502003956056221279e-01
2.502003956056221279e-01
2.502003956056221279e-01
2.502003956056221279e-01
2.502003956056221279e-01
2.502003956056221279e-01
2.502003956056221279e-01
2.502003956056221279e-01
2.502003956056221279e-01
2.502003956056221279e-01
2.502003956056221279e-01
2.502003956056221279e-01
2.502003956056221279e-01
2.502003956056221279e-01
2.502003956056221279e-01
2.502003956056221279e-01
2.502003956056221279e-01
2.502003956056221279e-01
2.502003956056221279e-01
2.502003956056221279e-01
2.502003956056221279e-01
2.502003956056221279e-01
2.502003956056221279e-01
2.502003956056221279e-01
2.502003956056221279e-01
2.502003956056221279e-01
2.502003956056221279e-01
2.502003956056221279e-01
2.502003956056221279e-01
2.502003956056221279e-01
2.502003956056221279e-01
2.502003956056221279e-01
2.502003956056221279e-01
2.502003956056221279e-01
2.502003956056221279e-01
2.502003956056221279e-01
2.502003956056221279e-01
2.502003956056221279e-01
2.502003956056221279e-01
2.502003956056221279e-01
2.502003956056221279e-01
2.502003956056221279e-01
2.502003956056221279e-01
2.502003956056221279e-01
2.502003956056221279e-01
2.502003956056221279e-01
2.502003956056221279e-01
2.502003956056221279e-01
2.502003956056221279e-01
2.502003956056221279e-01
2.502003956056221279e-01
2.502003956056221279e-01
2.502003956056221279e-01
2.502003956056221279e-01
2.502003956056221279e-01
2.502003956056221279e-01
2.502003956056221279e-01
2.502003956056221279e-01
2.502003956056221279e-01
2.502003956056221279e-01
2.502003956056221279e-01
2.502003956056221279e-01
2.502003956056221279e-01
2.502003956056221279e-01
2.502003956056221279e-01
2.502003956056221279e-01
2.502003956056221279e-01
2.502003956056221279e-01
2.502003956056221279e-01
2.502003956056221279e-01
2.502003956056221279e-01
2.502003956056221279e-01
2.502003956056221279e-01
2.502003956056221279e-01
2.502003956056221279e-01
2.502003956056221279e-01
2.502003956056221279e-01
2.502003956056221279e-01
2.502003956056221279e-01
2.502003956056221279e-01
2.502003956056221279e-01
2.502003956056221279e-01
2.502003956056221279e-01
2.502003956056221279e-01
2.502003956056221279e-01
2.502003956056221279e-01
2.502003956056221279e-01
2.502003956056221279e-01
2.502003956056221279e-01
2.502003956056221279e-01
2.502003956056221279e-01
2.502003956056221279e-01
2.502003956056221279e-01
2.502003956056221279e-01
2.502003956056221279e-01
2.502003956056221279e-01
2.502003956056221279e-01
2.527234208391626602e-01
2.283341418006974433e-01
1.938526941077500509e-01
1.555867311379318385e-01
1.143772562861030129e-01
7.779330763048518393e-02
4.036837664854943386e-02
5.886957548625699511e-03
-3.069699110698424424e-02
-5.971187309135719129e-02
-8.031661427950745336e-02
-8.031661427950745336e-02
-8.031661427950745336e-02
-8.031661427950745336e-02
-8.031661427950745336e-02
-8.031661427950745336e-02
-8.031661427950745336e-02
-8.031661427950745336e-02
-8.031661427950745336e-02
-8.031661427950745336e-02
-8.031661427950745336e-02
-8.031661427950745336e-02
-8.031661427950745336e-02
-8.031661427950745336e-02
-8.031661427950745336e-02
-8.031661427950745336e-02
-8.031661427950745336e-02
-8.031661427950745336e-02
-8.031661427950745336e-02
-8.031661427950745336e-02
-8.031661427950745336e-02
-8.031661427950745336e-02
-8.031661427950745336e-02
-8.031661427950745336e-02
-8.031661427950745336e-02
-8.031661427950745336e-02
-8.031661427950745336e-02
-8.031661427950745336e-02
-8.031661427950745336e-02
-8.031661427950745336e-02
-8.031661427950745336e-02
-9.545478825418772517e-02
-1.412897667287798531e-01
-1.942732966331229272e-01
-2.346416793012671420e-01
-2.426312341259377892e-01
-2.426312341259377892e-01
-2.426312341259377892e-01
-2.426312341259377892e-01
-2.426312341259377892e-01
-2.426312341259377892e-01
-2.426312341259377892e-01
-2.426312341259377892e-01
-2.426312341259377892e-01
-2.426312341259377892e-01
-2.426312341259377892e-01
-2.426312341259377892e-01
-2.426312341259377892e-01
-2.476773086713717487e-01
-2.569284453379999666e-01
-2.674411006409859182e-01
-2.842613491257566238e-01
-2.939329920045043454e-01
-3.036046348832515118e-01
-3.115942529135203864e-01
-3.141172901862360201e-01
-3.141172901862360201e-01
-3.141172901862360201e-01
-3.141172901862360201e-01
-3.141172901862360201e-01
-3.141172901862360201e-01
-3.141172901862360201e-01
-3.141172901862360201e-01
-3.141172901862360201e-01
-3.141172901862360201e-01
-3.141172901862360201e-01
-3.141172901862360201e-01
-3.141172901862360201e-01
-3.141172901862360201e-01
-3.141172901862360201e-01
-3.141172901862360201e-01
-3.149583026104745276e-01
-3.233684268528622119e-01
-3.410296742177882368e-01
-3.553268854298433643e-01
-3.624754805015824033e-01
-3.624754805015824033e-01
-3.624754805015824033e-01
-3.624754805015824033e-01
-3.624754805015824033e-01
-3.624754805015824033e-01
-3.624754805015824033e-01
-3.624754805015824033e-01
-3.624754805015824033e-01
-3.624754805015824033e-01
-3.624754805015824033e-01
-3.624754805015824033e-01
-3.624754805015824033e-01
-3.624754805015824033e-01
-3.624754805015824033e-01
-3.624754805015824033e-01
-3.624754805015824033e-01
-3.649985177742979814e-01
-3.763521855015194983e-01
-3.868648408045054499e-01
-4.036850892892761555e-01
-4.133567321680235995e-01
-4.226078688346520673e-01
-4.364845738345896620e-01
-4.461562167133371060e-01
-4.524638098951326848e-01
-4.621354527738801288e-01
-4.680225397435561763e-01
-4.764326639859415846e-01
-4.764326639859418622e-01
-4.764326639859418622e-01
-4.764326639859418622e-01
-4.764326639859418622e-01
-4.764326639859418622e-01
-4.764326639859418622e-01
-4.764326639859418622e-01
-4.764326639859418622e-01
-4.764326639859418622e-01
-4.743301374400417658e-01
-4.621354572885960632e-01
-4.486792690350811519e-01
-4.469972441866066348e-01
-4.465767379744873811e-01
-4.465767379744873811e-01
-4.465767379744873811e-01
-4.465767379744873811e-01
-4.465767379744873811e-01
-4.465767379744873811e-01
-4.465767379744873811e-01
-4.465767379744873811e-01
-4.465767379744873811e-01
-4.465767379744873811e-01
-4.465767379744873811e-01
-4.465767379744873811e-01
-4.465767379744873811e-01
-4.465767379744873811e-01
-4.465767379744873811e-01
-4.465767379744873811e-01
-4.457357270551471906e-01
-4.284950009513259772e-01
-4.057876880703608635e-01
-3.843418847963634422e-01
-3.620550766226192096e-01
-3.418708025192691013e-01
-3.288351099435775082e-01
-3.107533563665371701e-01
-2.939331184160531851e-01
-2.825794506888311686e-01
-2.783743885676381868e-01
-2.783743885676381868e-01
-2.783743885676381868e-01
-2.783743885676381868e-01
-2.783743885676381868e-01
-2.783743885676381868e-01
-2.783743885676381868e-01
-2.783743885676381868e-01
-2.771128699312812582e-01
-2.678617332646689997e-01
-2.649181897798435492e-01
-2.636566711434883969e-01
-2.636566711434883969e-01
-2.636566711434883969e-01
-2.636566711434883969e-01
-2.636566711434883969e-01
-2.636566711434883969e-01
-2.636566711434883969e-01
-2.636566711434883969e-01
-2.623951525071329671e-01
-2.569285717495931043e-01
-2.535645220526483445e-01
-2.523030034162931923e-01
-2.527235096284120019e-01
-2.527235096284120019e-01
-2.527235096284120019e-01
-2.527235096284120019e-01
-2.527235096284120019e-01
-2.527235096284120019e-01
-2.527235096284120019e-01
-2.527235096284120019e-01
-2.527235096284120019e-01
-2.518824972041743271e-01
-2.338007511516370651e-01
-2.237086020607861603e-01
-2.228675896365482634e-01
-2.228675896365482634e-01
-2.228675896365482634e-01
-2.228675896365482634e-01
-2.228675896365482634e-01
-2.228675896365482634e-01
-2.228675896365482634e-01
-2.228675896365482634e-01
-2.182420213032412737e-01
-2.039448176156931913e-01
-1.980577306460329645e-01
-1.980577306460334641e-01
-1.980577306460334641e-01
-1.980577306460334641e-01
-1.980577306460334641e-01
-1.980577306460334641e-01
-1.980577306460334641e-01
-1.980577306460334641e-01
-1.980577306460334641e-01
-1.980577306460334641e-01
-1.980577306460334641e-01
-1.980577306460334641e-01
-1.980577306460334641e-01
-1.980577306460334641e-01
-1.980577306460334641e-01
-1.980577306460334641e-01
-1.980577306460334641e-01
-1.980577306460334641e-01
-1.980577306460334641e-01
-1.967962120096777567e-01
-1.896476064036611009e-01
-1.875450753430697448e-01
-1.875450753430697448e-01
-1.875450753430697448e-01
-1.875450753430697448e-01
-1.875450753430697448e-01
-1.875450753430697448e-01
-1.875450753430697448e-01
-1.875450753430697448e-01
-1.875450753430697448e-01
-1.875450753430697448e-01
-1.875450753430697448e-01
-1.875450753430697448e-01
-1.875450753430697448e-01
-1.875450753430697448e-01
-1.875450753430697448e-01
-1.875450753430697448e-01
-1.875450753430697448e-01
-1.875450753430697448e-01
-1.875450753430697448e-01
-1.875450753430697448e-01
-1.875450753430697448e-01
-1.875450753430697448e-01
-1.875450753430697448e-01
-1.875450753430697448e-01
-1.875450753430697448e-01
-1.875450753430697448e-01
-1.875450753430697448e-01
-1.875450753430697448e-01
-1.875450753430697448e-01
-1.875450753430697448e-01
-1.875450753430697448e-01
-1.875450753430697448e-01
-1.875450753430697448e-01
-1.875450753430697448e-01
-1.875450753430697448e-01
-1.875450753430697448e-01
-1.875450753430697448e-01
-1.875450753430697448e-01
-1.875450753430702444e-01
-1.791349511006946060e-01
-1.795554573128161358e-01
-1.795554573128161358e-01
-1.795554573128161358e-01
-1.795554573128161358e-01
-1.795554573128161358e-01
-1.795554573128161358e-01
-1.795554573128161358e-01
-1.795554573128161358e-01
-1.795554573128161358e-01
-1.795554573128161358e-01
-1.795554573128161358e-01
-1.795554573128161358e-01
-1.795554573128161358e-01
-1.795554573128161358e-01
-1.795554573128161358e-01
-1.795554573128161358e-01
-1.795554573128161358e-01
-1.795554573128161358e-01
-1.795554573128161358e-01
-1.795554573128161358e-01
-1.795554573128161358e-01
-1.795554573128161358e-01
-1.770324200401005299e-01
-1.614737007259761103e-01
-1.547456013320678281e-01
-1.547456013320678281e-01
-1.547456013320678281e-01
-1.547456013320678281e-01
-1.547456013320678281e-01
-1.547456013320678281e-01
-1.547456013320678281e-01
-1.547456013320678281e-01
-1.547456013320678281e-01
-1.547456013320678281e-01
-1.547456013320678281e-01
-1.547456013320678281e-01
-1.547456013320678281e-01
-1.547456013320678281e-01
-1.547456013320678281e-01
-1.547456013320678281e-01
-1.547456013320678281e-01
-1.547456013320678281e-01
-1.547456013320678281e-01
-1.610531869893650492e-01
-1.749298814550123982e-01
-1.812374641025129296e-01
-1.812374641025129296e-01
-1.812374641025129296e-01
-1.812374641025129296e-01
-1.812374641025129296e-01
-1.812374641025129296e-01
-1.812374641025129296e-01
-1.812374641025129296e-01
-1.812374641025129296e-01
-1.812374641025129296e-01
-1.812374641025129296e-01
-1.812374641025129296e-01
-1.812374641025129296e-01
-1.757708833449616870e-01
-1.715658212237669844e-01
-1.711453150116474531e-01
-1.711453150116474531e-01
-1.711453150116474531e-01
-1.711453150116474531e-01
-1.711453150116474531e-01
-1.711453150116474531e-01
-1.711453150116474531e-01
-1.711453150116474531e-01
-1.711453150116474531e-01
-1.711453150116474531e-01
-1.711453150116474531e-01
-1.711453150116474531e-01
-1.711453150116474531e-01
-1.711453150116474531e-01
-1.711453150116474531e-01
-1.711453150116474531e-01
-1.711453150116474531e-01
-1.711453150116474531e-01
-1.703043025874089178e-01
-1.757708833449621588e-01
-1.803964516782778915e-01
-1.820784765267547123e-01
-1.820784765267547123e-01
-1.820784765267547123e-01
-1.820784765267547123e-01
-1.820784765267547123e-01
-1.820784765267547123e-01
-1.820784765267547123e-01
-1.820784765267547123e-01
-1.820784765267547123e-01
-1.820784765267547123e-01
-1.820784765267547123e-01
-1.820784765267547123e-01
-1.820784765267547123e-01
-1.820784765267547123e-01
-1.820784765267547123e-01
-1.820784765267547123e-01
-1.820784765267547123e-01
-1.820784765267547123e-01
-1.820784765267547123e-01
-1.833399951631111691e-01
-1.820784765267498551e-01
-1.808169578903907893e-01
-1.808169578903907893e-01
-1.808169578903907893e-01
-1.808169578903907893e-01
-1.808169578903907893e-01
-1.808169578903907893e-01
-1.808169578903907893e-01
-1.808169578903907893e-01
-1.808169578903907893e-01
-1.808169578903907893e-01
-1.808169578903907893e-01
-1.808169578903907893e-01
-1.808169578903907893e-01
-1.808169578903907893e-01
-1.808169578903907893e-01
-1.808169578903907893e-01
-1.808169578903907893e-01
-1.808169578903907893e-01
-1.808169578903907893e-01
-1.808169578903907893e-01
-1.808169578903907893e-01
-1.808169578903907893e-01
-1.808169578903907893e-01
-1.808169578903907893e-01
-1.808169578903907893e-01
-1.808169578903907893e-01
-1.808169578903907893e-01
-1.808169578903907893e-01
-1.795554392540282262e-01
-1.795554392540232302e-01
-1.795554392540227306e-01
-1.795554392540227306e-01
-1.795554392540227306e-01
-1.795554392540227306e-01
-1.795554392540227306e-01
-1.795554392540227306e-01
-1.795554392540227306e-01
-1.795554392540227306e-01
-1.795554392540227306e-01
-1.795554392540227306e-01
-1.795554392540227306e-01
-1.757708833449533603e-01
-1.568481143338924799e-01
-1.518020397884712047e-01
-1.513815335763541436e-01
-1.513815335763541436e-01
-1.513815335763541436e-01
-1.513815335763541436e-01
-1.513815335763541436e-01
-1.513815335763541436e-01
-1.513815335763541436e-01
-1.513815335763541436e-01
-1.513815335763541436e-01
-1.513815335763541436e-01
-1.513815335763541436e-01
-1.543250770611838685e-01
-1.606326702429654030e-01
-1.610531764550837130e-01
-1.610531764550837130e-01
-1.610531764550837130e-01
-1.610531764550837130e-01
-1.610531764550837130e-01
-1.610531764550837130e-01
-1.610531764550837130e-01
-1.610531764550837130e-01
-1.610531764550837130e-01
-1.610531764550837130e-01
-1.610531764550837130e-01
-1.610531764550837130e-01
-1.610531764550837130e-01
-1.627352013035589795e-01
-1.698838069095781333e-01
-1.740888690307663134e-01
-1.740888690307663134e-01
-1.740888690307663134e-01
-1.740888690307663134e-01
-1.740888690307663134e-01
-1.740888690307663134e-01
-1.740888690307663134e-01
-1.740888690307663134e-01
-1.740888690307663134e-01
-1.740888690307663134e-01
-1.732478566065286663e-01
-1.610531839795729114e-01
-1.555866077367222267e-01
-1.555866077367222267e-01
-1.555866077367222267e-01
-1.555866077367222267e-01
-1.555866077367222267e-01
-1.555866077367222267e-01
-1.555866077367222267e-01
-1.555866077367222267e-01
-1.555866077367222267e-01
-1.555866077367222267e-01
-1.555866077367222267e-01
-1.555866077367222267e-01
-1.555866077367222267e-01
-1.564276201609598738e-01
-1.564276201609598738e-01
-1.564276201609598738e-01
-1.564276201609598738e-01
-1.564276201609598738e-01
-1.564276201609598738e-01
-1.564276201609598738e-01
-1.564276201609598738e-01
-1.564276201609598738e-01
-1.564276201609598738e-01
-1.564276201609598738e-01
-1.564276201609598738e-01
-1.564276201609598738e-01
-1.564276201609598738e-01
-1.564276201609598738e-01
-1.564276201609598738e-01
-1.564276201609598738e-01
-1.564276201609598738e-01
-1.564276201609598738e-01
-1.564276201609598738e-01
-1.564276201609598738e-01
-1.564276201609598738e-01
-1.564276201609598738e-01
-1.564276201609598738e-01
-1.564276201609598738e-01
-1.564276201609598738e-01
-1.564276201609598738e-01
-1.564276201609598738e-01
-1.564276201609598738e-01
-1.564276201609598738e-01
-1.564276201609598738e-01
-1.564276201609598738e-01
-1.564276201609598738e-01
-1.564276201609598738e-01
-1.564276201609598738e-01
-1.564276201609598738e-01
-1.564276201609598738e-01
-1.564276201609598738e-01
-1.564276201609598738e-01
-1.564276201609598738e-01
-1.564276201609598738e-01
-1.564276201609598738e-01
-1.564276201609598738e-01
-1.564276201609598738e-01
-1.564276201609598738e-01
-1.581096450094351402e-01
-1.669402754639295883e-01
-1.749298889794931589e-01
-1.749298889794931589e-01
-1.749298889794931589e-01
-1.749298889794931589e-01
-1.749298889794931589e-01
-1.749298889794931589e-01
-1.749298889794931589e-01
-1.749298889794931589e-01
-1.749298889794931589e-01
-1.749298889794931589e-01
-1.749298889794931589e-01
-1.749298889794931589e-01
-1.749298889794931589e-01
-1.749298889794931589e-01
-1.749298889794931589e-01
-1.749298889794931589e-01
-1.749298889794931589e-01
-1.749298889794931589e-01
-1.749298889794931589e-01
-1.749298889794931589e-01
-1.749298889794931589e-01
-1.669402754639295883e-01
-1.539045934225322099e-01
-1.522225685740569157e-01
-1.522225685740569157e-01
-1.522225685740569157e-01
-1.522225685740569157e-01
-1.522225685740569157e-01
-1.522225685740569157e-01
-1.522225685740569157e-01
-1.522225685740569157e-01
-1.522225685740569157e-01
-1.522225685740569157e-01
-1.522225685740569157e-01
-1.522225685740569157e-01
-1.522225685740569157e-01
-1.522225685740569157e-01
-1.522225685740569157e-01
-1.522225685740569157e-01
-1.522225685740569157e-01
-1.522225685740569157e-01
-1.522225685740569157e-01
-1.560071199684323062e-01
-1.627352193623333998e-01
-1.656787583324711433e-01
-1.656787583324711433e-01
-1.656787583324711433e-01
-1.656787583324711433e-01
-1.656787583324711433e-01
-1.656787583324711433e-01
-1.656787583324711433e-01
-1.656787583324711433e-01
-1.656787583324711433e-01
-1.656787583324711433e-01
-1.656787583324711433e-01
-1.656787583324711433e-01
-1.673607831809464375e-01
-1.774529322717980639e-01
-1.820785006051038324e-01
-1.820785006051038324e-01
-1.820785006051038324e-01
-1.820785006051038324e-01
-1.820785006051038324e-01
-1.820785006051038324e-01
-1.820785006051038324e-01
-1.820785006051038324e-01
-1.820785006051038324e-01
-1.820785006051038324e-01
-1.820785006051038324e-01
-1.820785006051038324e-01
-1.820785006051038324e-01
-1.820785006051038324e-01
-1.820785006051038324e-01
-1.820785006051050814e-01
-1.778734384839201488e-01
-1.745093887869695881e-01
-1.745093887869695881e-01
-1.745093887869695881e-01
-1.745093887869695881e-01
-1.745093887869695881e-01
-1.745093887869695881e-01
-1.745093887869695881e-01
-1.745093887869695881e-01
-1.745093887869695881e-01
-1.745093887869695881e-01
-1.745093887869695881e-01
-1.745093887869695881e-01
-1.745093887869695881e-01
-1.745093887869695881e-01
-1.745093887869695881e-01
-1.745093887869695881e-01
-1.745093887869695881e-01
-1.745093887869695881e-01
-1.745093887869695881e-01
-1.745093887869695881e-01
-1.745093887869695881e-01
-1.673608072593021079e-01
-1.585301963684757343e-01
-1.568481745297964636e-01
-1.568481745297964636e-01
-1.568481745297964636e-01
-1.568481745297964636e-01
-1.568481745297964636e-01
-1.568481745297964636e-01
-1.568481745297964636e-01
-1.568481745297964636e-01
-1.568481745297964636e-01
-1.568481745297964636e-01
-1.568481745297964636e-01
-1.568481745297964636e-01
-1.568481745297964636e-01
-1.568481745297964636e-01
-1.568481745297964636e-01
-1.568481745297964636e-01
-1.568481745297964636e-01
-1.568481745297964636e-01
-1.568481745297964636e-01
-1.568481745297964636e-01
-1.568481745297964636e-01
-1.568481745297964636e-01
-1.568481745297964636e-01
-1.568481745297964636e-01
-1.568481745297964636e-01
-1.568481745297964636e-01
-1.568481745297964636e-01
-1.568481745297964636e-01
-1.568481745297964636e-01
-1.568481745297964636e-01
-1.568481745297964636e-01
-1.568481745297964636e-01
-1.568481745297964636e-01
-1.568481745297964636e-01
-1.568481745297964636e-01
-1.568481745297964636e-01
-1.568481745297964636e-01
-1.568481745297964636e-01
-1.568481745297964636e-01
-1.568481745297964636e-01
-1.568481745297964636e-01
-1.568481745297964636e-01
-1.568481745297964636e-01
-1.568481745297964636e-01
-1.568481745297964636e-01
-1.568481745297964636e-01
-1.568481745297964636e-01
-1.568481745297964636e-01
-1.568481745297964636e-01
-1.568481745297964636e-01
-1.568481745297964636e-01
-1.568481745297964636e-01
-1.568481745297964636e-01
-1.568481745297964636e-01
-1.568481745297964636e-01
-1.568481745297964636e-01
-1.568481745297964636e-01
-1.568481745297964636e-01
-1.568481745297964636e-01
-1.568481745297964636e-01
-1.568481745297964636e-01
-1.568481745297964636e-01
-1.568481745297964636e-01
-1.568481745297964636e-01
-1.568481745297964636e-01
-1.568481745297964636e-01
-1.568481745297964636e-01
-1.568481745297964636e-01
-1.568481745297964636e-01
-1.568481745297964636e-01
-1.568481745297964636e-01
-1.568481745297964636e-01
-1.568481745297964636e-01
-1.568481745297964636e-01
-1.568481745297964636e-01
-1.568481745297964636e-01
-1.568481745297964636e-01
-1.568481745297964636e-01
-1.568481745297964636e-01
-1.568481745297964636e-01
-1.568481745297964636e-01
-1.568481745297964636e-01
-1.568481745297964636e-01
-1.568481745297964636e-01
-1.568481745297964636e-01
-1.568481745297964636e-01
-1.568481745297964636e-01
-1.568481745297964636e-01
-1.568481745297964636e-01
-1.568481745297964636e-01
-1.568481745297964636e-01
-1.568481745297964636e-01
-1.568481745297964636e-01
-1.568481745297964636e-01
-1.568481745297964636e-01
-1.568481745297964636e-01
-1.568481745297964636e-01
-1.568481745297964636e-01
-1.568481745297964636e-01
-1.568481745297964636e-01
-1.568481745297964636e-01
-1.568481745297964636e-01
-1.568481745297964636e-01
-1.568481745297964636e-01
-1.568481745297964636e-01
-1.568481745297964636e-01
-1.568481745297964636e-01
-1.568481745297964636e-01
-1.568481745297964636e-01
-1.568481745297964636e-01
-1.568481745297964636e-01
-1.568481745297964636e-01
-1.568481745297964636e-01
-1.568481745297964636e-01
-1.568481745297964636e-01
-1.568481745297964636e-01
-1.568481745297964636e-01
-1.568481745297964636e-01
-1.568481745297964636e-01
-1.568481745297964636e-01
-1.568481745297964636e-01
-1.568481745297964636e-01
-1.568481745297964636e-01
-1.568481745297964636e-01
-1.568481745297964636e-01
-1.568481745297964636e-01
-1.568481745297964636e-01
-1.568481745297964636e-01
-1.568481745297964636e-01
-1.568481745297964636e-01
-1.568481745297964636e-01
-1.568481745297964636e-01
-1.568481745297964636e-01
-1.568481745297964636e-01
-1.568481745297964636e-01
-1.568481745297964636e-01
-1.568481745297964636e-01
-1.568481745297964636e-01
-1.568481745297964636e-01
-1.568481745297964636e-01
-1.568481745297964636e-01
-1.568481745297964636e-01
-1.568481745297964636e-01
-1.568481745297964636e-01
-1.568481745297964636e-01
-1.568481745297964636e-01
-1.568481745297964636e-01
-1.568481745297964636e-01
-1.568481745297964636e-01
-1.568481745297964636e-01
-1.568481745297964636e-01
-1.568481745297964636e-01
-1.568481745297964636e-01
-1.568481745297964636e-01
-1.568481745297964636e-01
-1.568481745297964636e-01
-1.568481745297964636e-01
-1.568481745297964636e-01
-1.568481745297964636e-01
-1.568481745297964636e-01
-1.568481745297964636e-01
-1.568481745297964636e-01
-1.568481745297964636e-01
-1.568481745297964636e-01
-1.568481745297964636e-01
-1.568481745297964636e-01
-1.568481745297964636e-01
-1.568481745297964636e-01
-1.568481745297964636e-01
-1.568481745297964636e-01
-1.568481745297964636e-01
-1.568481745297964636e-01
-1.568481745297964636e-01
-1.568481745297964636e-01
-1.568481745297964636e-01
-1.568481745297964636e-01
-1.568481745297964636e-01
-1.568481745297964636e-01
-1.568481745297964636e-01
-1.568481745297964636e-01
-1.568481745297964636e-01
-1.568481745297964636e-01
-1.568481745297964636e-01
-1.568481745297964636e-01
-1.568481745297964636e-01
-1.568481745297964636e-01
-1.568481745297964636e-01
-1.568481745297964636e-01
-1.568481745297964636e-01
-1.568481745297964636e-01
-1.568481745297964636e-01
-1.568481745297964636e-01
-1.568481745297964636e-01
-1.568481745297964636e-01
-1.568481745297964636e-01
-1.568481745297964636e-01
-1.568481745297964636e-01
-1.568481745297964636e-01
-1.568481745297964636e-01
-1.568481745297964636e-01
-1.568481745297964636e-01
-1.568481745297964636e-01
-1.568481745297964636e-01
-1.568481745297964636e-01
-1.568481745297964636e-01
-1.568481745297964636e-01
-1.568481745297964636e-01
-1.568481745297964636e-01
-1.568481745297964636e-01
-1.568481745297964636e-01
-1.568481745297964636e-01
-1.568481745297964636e-01
-1.568481745297964636e-01
-1.568481745297964636e-01
-1.568481745297964636e-01
-1.568481745297964636e-01
-1.568481745297964636e-01
-1.568481745297964636e-01
-1.568481745297964636e-01
-1.568481745297964636e-01
-1.568481745297964636e-01
-1.568481745297964636e-01
-1.568481745297964636e-01
-1.568481745297964636e-01
-1.568481745297964636e-01
-1.568481745297964636e-01
-1.568481745297964636e-01
-1.568481745297964636e-01
-1.568481745297964636e-01
-1.568481745297964636e-01
-1.568481745297964636e-01
-1.568481745297964636e-01
-1.568481745297964636e-01
-1.568481745297964636e-01
-1.568481745297964636e-01
-1.568481745297964636e-01
-1.568481745297964636e-01
-1.568481745297964636e-01
-1.568481745297964636e-01
-1.568481745297964636e-01
-1.568481745297964636e-01
-1.568481745297964636e-01
-1.568481745297964636e-01
-1.568481745297964636e-01
-1.568481745297964636e-01
-1.568481745297964636e-01
-1.568481745297964636e-01
-1.568481745297964636e-01
-1.568481745297964636e-01
-1.568481745297964636e-01
-1.568481745297964636e-01
-1.568481745297964636e-01
-1.568481745297964636e-01
-1.568481745297964636e-01
-1.568481745297964636e-01
-1.568481745297964636e-01
-1.568481745297964636e-01
-1.568481745297964636e-01
-1.568481745297964636e-01
-1.568481745297964636e-01
-1.568481745297964636e-01
-1.568481745297964636e-01
-1.568481745297964636e-01
-1.568481745297964636e-01
-1.568481745297964636e-01
-1.568481745297964636e-01
-1.568481745297964636e-01
-1.568481745297964636e-01
-1.568481745297964636e-01
-1.568481745297964636e-01
-1.568481745297964636e-01
-1.568481745297964636e-01
-1.568481745297964636e-01
-1.568481745297964636e-01
-1.568481745297964636e-01
-1.568481745297964636e-01
-1.568481745297964636e-01
-1.568481745297964636e-01
-1.568481745297964636e-01
-1.568481745297964636e-01
-1.568481745297964636e-01
-1.568481745297964636e-01
-1.568481745297964636e-01
-1.568481745297964636e-01
-1.568481745297964636e-01
-1.568481745297964636e-01
-1.568481745297964636e-01
-1.568481745297964636e-01
-1.568481745297964636e-01
-1.568481745297964636e-01
-1.568481745297964636e-01
-1.568481745297964636e-01
-1.568481745297964636e-01
-1.568481745297964636e-01
-1.568481745297964636e-01
-1.568481745297964636e-01
-1.568481745297964636e-01
-1.568481745297964636e-01
-1.568481745297964636e-01
-1.568481745297964636e-01
-1.568481745297964636e-01
-1.568481745297964636e-01
-1.568481745297964636e-01
-1.568481745297964636e-01
-1.568481745297964636e-01
-1.568481745297964636e-01
-1.568481745297964636e-01
-1.568481745297964636e-01
-1.568481745297964636e-01
-1.568481745297964636e-01
-1.568481745297964636e-01
-1.568481745297964636e-01
-1.568481745297964636e-01
-1.568481745297964636e-01
-1.568481745297964636e-01
-1.568481745297964636e-01
-1.568481745297964636e-01
-1.568481745297964636e-01
-1.568481745297964636e-01
-1.568481745297964636e-01
-1.568481745297964636e-01
-1.568481745297964636e-01
-1.568481745297964636e-01
-1.568481745297964636e-01
-1.568481745297964636e-01
-1.568481745297964636e-01
-1.568481745297964636e-01
-1.568481745297964636e-01
-1.568481745297964636e-01
-1.568481745297964636e-01
-1.568481745297964636e-01
-1.568481745297964636e-01
-1.568481745297964636e-01
-1.568481745297964636e-01
-1.568481745297964636e-01
-1.568481745297964636e-01
-1.568481745297964636e-01
-1.568481745297964636e-01
-1.568481745297964636e-01
-1.568481745297964636e-01
-1.568481745297964636e-01
-1.568481745297964636e-01
-1.568481745297964636e-01
-1.568481745297964636e-01
-1.568481745297964636e-01
-1.568481745297964636e-01
-1.568481745297964636e-01
-1.568481745297964636e-01
-1.568481745297964636e-01
-1.568481745297964636e-01
-1.568481745297964636e-01
-1.568481745297964636e-01
-1.568481745297964636e-01
-1.568481745297964636e-01
-1.568481745297964636e-01
-1.568481745297964636e-01
-1.568481745297964636e-01
-1.568481745297964636e-01
-1.568481745297964636e-01
-1.568481745297964636e-01
-1.568481745297964636e-01
-1.568481745297964636e-01
-1.568481745297964636e-01
-1.568481745297964636e-01
-1.568481745297964636e-01
-1.568481745297964636e-01
-1.568481745297964636e-01
-1.568481745297964636e-01
-1.568481745297964636e-01
-1.568481745297964636e-01
-1.568481745297964636e-01
-1.568481745297964636e-01
-1.568481745297964636e-01
-1.568481745297964636e-01
-1.568481745297964636e-01
-1.568481745297964636e-01
-1.568481745297964636e-01
-1.568481745297964636e-01
-1.568481745297964636e-01
-1.568481745297964636e-01
-1.568481745297964636e-01
-1.568481745297964636e-01
-1.568481745297964636e-01
-1.568481745297964636e-01
-1.568481745297964636e-01
-1.568481745297964636e-01
-1.568481745297964636e-01
-1.568481745297964636e-01
-1.568481745297964636e-01
-1.568481745297964636e-01
-1.568481745297964636e-01
-1.568481745297964636e-01
-1.568481745297964636e-01
-1.568481745297964636e-01
-1.568481745297964636e-01
-1.568481745297964636e-01
-1.568481745297964636e-01
-1.568481745297964636e-01
-1.568481745297964636e-01
-1.568481745297964636e-01
-1.568481745297964636e-01
-1.568481745297964636e-01
-1.568481745297964636e-01
-1.568481745297964636e-01
-1.568481745297964636e-01
-1.568481745297964636e-01
-1.568481745297964636e-01
-1.568481745297964636e-01
-1.568481745297964636e-01
-1.568481745297964636e-01
-1.568481745297964636e-01
-1.568481745297964636e-01
-1.568481745297964636e-01
-1.568481745297964636e-01
-1.568481745297964636e-01
-1.568481745297964636e-01
-1.568481745297964636e-01
-1.568481745297964636e-01
-1.568481745297964636e-01
-1.568481745297964636e-01
-1.568481745297964636e-01
-1.568481745297964636e-01
-1.568481745297964636e-01
-1.568481745297964636e-01
-1.568481745297964636e-01
-1.568481745297964636e-01
-1.568481745297964636e-01
-1.568481745297964636e-01
-1.568481745297964636e-01
-1.568481745297964636e-01
-1.568481745297964636e-01
-1.568481745297964636e-01
-1.568481745297964636e-01
-1.568481745297964636e-01
-1.568481745297964636e-01
-1.568481745297964636e-01
-1.568481745297964636e-01
-1.568481745297964636e-01
-1.568481745297964636e-01
-1.568481745297964636e-01
-1.568481745297964636e-01
-1.568481745297964636e-01
-1.568481745297964636e-01
-1.568481745297964636e-01
-1.568481745297964636e-01
-1.568481745297964636e-01
-1.568481745297964636e-01
-1.568481745297964636e-01
-1.568481745297964636e-01
-1.568481745297964636e-01
-1.568481745297964636e-01
-1.568481745297964636e-01
-1.568481745297964636e-01
-1.568481745297964636e-01
-1.568481745297964636e-01
-1.568481745297964636e-01
-1.568481745297964636e-01
-1.568481745297964636e-01
-1.568481745297964636e-01
-1.568481745297964636e-01
-1.568481745297964636e-01
-1.568481745297964636e-01
-1.568481745297964636e-01
-1.568481745297964636e-01
-1.568481745297964636e-01
-1.568481745297964636e-01
-1.568481745297964636e-01
-1.568481745297964636e-01
-1.568481745297964636e-01
-1.568481745297964636e-01
-1.568481745297964636e-01
