0.000000000000000000e+00
-1.261518636356775969e-03
-1.261518636356775969e-03
-1.261518636356775969e-03
-1.261518636356775969e-03
-1.261518636356775969e-03
-1.261518636356775969e-03
-1.261518636356775969e-03
-1.261518636356775969e-03
-1.261518636356775969e-03
-1.261518636356775969e-03
-1.261518636356775969e-03
-1.261518636356775969e-03
-1.261518636356775969e-03
-1.261518636356775969e-03
-1.261518636356775969e-03
-1.261518636356775969e-03
-1.261518636356775969e-03
-1.261518636356775969e-03
-1.261518636356775969e-03
-1.261518636356775969e-03
3.364043677358988498e-03
1.513820708240217264e-02
2.354833132478067331e-02
2.817389965808884955e-02
3.321997420351595343e-02
3.195845556715547209e-02
2.775339344596053012e-02
2.312782511264606725e-02
1.808175056721259000e-02
1.429719465813691567e-02
1.303567602177457818e-02
1.177415738541249222e-02
1.177415738540745285e-02
1.303567602175962487e-02
1.513820708234943357e-02
1.976377541565442139e-02
2.649187480955475862e-02
3.532249773955895705e-02
4.877867846858518347e-02
6.223485919761141683e-02
7.779356346274174383e-02
8.788570502910342253e-02
1.026034013846901100e-01
1.164800868209371482e-01
1.311977816716258516e-01
1.450744686127709293e-01
1.589511525441200390e-01
1.745098568092504077e-01
1.913300751960432533e-01
2.081502935828360989e-01
2.224474731920335069e-01
2.401087024981659879e-01
2.556674067632963010e-01
2.712261110284265309e-01
2.846822902525546484e-01
3.023435195586869906e-01
3.179022238238172204e-01
3.326199171696078150e-01
3.502811464757401572e-01
3.658398507408703870e-01
3.826600691276630939e-01
3.935932216133644079e-01
4.083109164640530420e-01
4.230286113147416760e-01
4.348027747197826254e-01
4.461564289029086861e-01
4.562485644496769854e-01
4.676022171279040629e-01
4.772738524821460993e-01
4.844224580881653086e-01
4.898890388457084466e-01
4.991401694927287691e-01
5.067092737863759799e-01
5.155398997261764205e-01
5.205859742716006933e-01
5.264730612412621413e-01
5.336216668472811842e-01
5.374062227563479732e-01
5.441343221502482619e-01
5.483393842714335831e-01
5.517034339683809518e-01
5.546469774532096775e-01
5.596930519986337282e-01
5.542265329417304098e-01
5.411913159086404468e-01
2.093630847246150950e-01
1.700099599982598519e+00
5.343619234885294667e+00
9.461159547442104412e+00
1.354434020329549071e+01
1.759256340798995311e+01
2.176466932066127313e+01
2.574251079848369272e+01
2.968732017618783559e+01
3.359582451795684932e+01
3.761850428496833842e+01
4.129837379314653134e+01
4.509292212779969589e+01
4.899717558260262962e+01
5.286408185904826951e+01
5.639615271057198953e+01
5.988962613068416374e+01
6.348799709449851036e+01
6.719126052896248780e+01
7.071310840096366235e+01
7.405288539391015945e+01
7.762876960641473545e+01
8.102757819255079141e+01
8.437827088159949085e+01
8.768823086146620938e+01
9.095446124301615498e+01
9.418145415680301369e+01
9.736653881928893384e+01
1.006307434267180838e+02
1.034851885643115139e+02
1.066568310546181948e+02
1.096691530627018381e+02
1.126350303195770834e+02
1.155520369589823844e+02
1.185415454039010115e+02
1.212584211522957531e+02
1.241516466253741271e+02
1.267811840070127403e+02
1.294702162188746115e+02
1.322225492304566785e+02
1.346173298228180499e+02
1.372700457147116424e+02
1.397758271945231456e+02
1.422406169252600137e+02
1.447537813986776882e+02
1.470260292159748019e+02
1.498976821333891678e+02
1.520697726044527940e+02
1.543727109841715617e+02
1.564545673618238766e+02
1.585684879753687540e+02
1.596612542598564630e+02
1.599188705354465867e+02
1.600935845820556267e+02
1.601849773459215669e+02
1.600909056842784253e+02
1.601899011340013317e+02
1.601891597942842793e+02
1.601895279824038880e+02
1.601898930542310211e+02
1.601898930542310211e+02
1.601898930542310211e+02
1.601888390310987802e+02
1.601870977819326356e+02
1.603146215704500719e+02
1.601826576241484759e+02
1.608559424409189660e+02
1.630308238639003093e+02
1.658699982294001813e+02
1.666872793578648384e+02
1.673811234264956340e+02
1.673821027744239416e+02
1.673821027744239416e+02
1.681146376475661839e+02
1.701919839468684472e+02
1.735984254526982795e+02
1.752240599243931172e+02
1.759716525359255570e+02
1.761224184495324607e+02
1.762750270823620440e+02
1.772254787141524446e+02
1.781888338391858326e+02
1.814109544942654111e+02
1.842989870156739869e+02
1.852684222161385605e+02
1.859219850502155111e+02
1.862549705078085367e+02
1.867570805835995884e+02
1.877763612970729525e+02
1.894923221576974868e+02
1.931008625248259989e+02
1.963537493065374235e+02
1.973872670136571799e+02
1.982587175989585830e+02
1.987856850936431101e+02
1.994963063189291006e+02
1.998561118186339911e+02
2.007664953271960542e+02
2.038714641490731765e+02
2.076983545741910007e+02
2.089777386990243428e+02
2.095294117036066837e+02
2.102738324880226060e+02
2.110248460792583955e+02
2.119732298237418320e+02
2.150138739217873649e+02
2.195703475125511943e+02
2.225998092668521622e+02
2.233616519433556391e+02
2.241292836396769133e+02
2.250945586321941221e+02
2.280083506359498244e+02
2.320868416692727578e+02
2.344172607230868834e+02
2.350030580210145388e+02
2.357886901280978975e+02
2.359866985971239615e+02
2.379809270661399978e+02
2.419762462770496541e+02
2.471552895740511246e+02
2.505296449356002313e+02
2.519245833083731156e+02
2.535247680939108932e+02
2.543283129163413321e+02
2.557455580500515282e+02
2.591951815020243544e+02
2.640563590329589942e+02
2.664852119684325089e+02
2.672997353184200620e+02
2.679131716389467783e+02
2.679126949468267185e+02
2.687408913610341301e+02
2.693667273578823824e+02
2.714596082155695171e+02
2.754429512332094419e+02
2.804643447969419867e+02
2.827678312397522404e+02
2.838181054934651115e+02
2.852945247591119369e+02
2.890948398753317861e+02
2.937348196251663808e+02
2.952132194063352699e+02
2.958492480548190997e+02
2.967001269843493674e+02
2.992618975443461409e+02
3.041738413328115485e+02
3.095013608660629529e+02
3.148148046109161555e+02
3.171505399756746328e+02
3.180022825187950275e+02
3.186428103048593243e+02
3.195015581670932079e+02
3.227278614113909043e+02
3.274594223933533499e+02
3.328270584194462458e+02
3.383949956814574307e+02
3.405355790667065321e+02
3.422519768828083215e+02
3.459030982364158717e+02
3.510524123804349301e+02
3.536256844005976063e+02
3.544860399210710398e+02
3.551335252787869763e+02
3.581608679347151565e+02
3.631352240005862768e+02
3.685317180691670274e+02
3.715515961120036081e+02
3.726324025786228162e+02
3.737156105927165868e+02
3.763213870781781338e+02
3.791463203440178518e+02
3.819765403679294309e+02
3.865458387311240358e+02
3.902417482865054694e+02
3.913307462583200049e+02
3.924218764546416196e+02
3.952635424937695348e+02
4.000733829261109804e+02
4.055325981880587847e+02
4.098942238046646480e+02
4.116397454125008153e+02
4.127327492019312558e+02
4.157970569660187152e+02
4.208313923168070119e+02
4.260774228123098624e+02
4.302264389153065167e+02
4.319751699425337392e+02
4.341638756707727680e+02
4.394156378260027509e+02
4.435702801853913115e+02
4.459776664045641041e+02
4.486047554253589738e+02
4.501392617063821717e+02
4.529920356035057125e+02
4.578188673190089162e+02
4.635176238189939113e+02
4.659276767025547201e+02
4.670249710385958224e+02
4.676845029311532471e+02
4.679048690438349922e+02
4.705527751958846352e+02
4.756292701724024710e+02
4.811423594810343616e+02
4.864289648880376262e+02
4.890711282402230609e+02
4.901739970157050834e+02
4.921605398586700062e+02
4.945913222639755418e+02
4.996725287202862091e+02
5.040887218992681369e+02
5.049725338170830469e+02
5.062999822696870069e+02
5.091781125512652579e+02
5.142698592069181132e+02
5.189162767329345343e+02
5.204655937293374564e+02
5.213516666101567125e+02
5.231253082614796313e+02
5.255658873620366194e+02
5.297815337810606025e+02
5.353271439005411594e+02
5.408695811598020100e+02
5.435297674466397666e+02
5.444171017675207622e+02
5.455267995221167894e+02
5.468592846129625968e+02
5.510795279783473006e+02
5.564098393324503604e+02
5.619604027515724738e+02
5.675082985314090820e+02
5.701710947763813238e+02
5.708371141978178684e+02
5.723919548848004979e+02
5.763907613759123478e+02
5.819435435117145516e+02
5.877168521593118840e+02
5.906031380330709908e+02
5.919356017864993191e+02
5.926021010189616618e+02
5.937132745195964389e+02
5.977140109467059119e+02
6.032704038475890229e+02
6.086039214198027594e+02
6.143806947881350879e+02
6.197112860949472406e+02
6.230421992109075973e+02
6.241528810325494305e+02
6.248195712931300250e+02
6.277088144428948908e+02
6.330426767065853255e+02
6.385981166658260690e+02
6.441522720709298255e+02
6.468180334433857297e+02
6.477068994355943232e+02
6.497072048736357601e+02
6.541523709791973715e+02
6.597083677418676189e+02
6.650412415534673300e+02
6.677075062552822828e+02
6.688187118390557089e+02
6.701523357696100902e+02
6.741533320550719282e+02
6.797101421839201976e+02
6.854887812134096521e+02
6.908219637779963023e+02
6.948211113458432919e+02
6.963766149685142182e+02
6.965988791273230163e+02
6.979325587421637920e+02
7.021558897200447973e+02
7.074906630686776907e+02
7.130475951727485153e+02
7.186039472408867823e+02
7.212709345851617400e+02
7.221600531351983818e+02
7.241605779933248641e+02
7.286062001765653804e+02
7.341632463015133681e+02
7.394977666836832668e+02
7.417204990878940407e+02
7.428319049983094828e+02
7.457215114158892675e+02
7.508339191802381265e+02
7.563909606647749797e+02
7.597251423334982974e+02
7.615033977298821810e+02
7.619479487184738673e+02
7.657261193725329349e+02
7.706156772404621051e+02
7.761723925746007353e+02
7.801734033118568732e+02
7.808401530976693721e+02
7.815068373916362816e+02
7.821732042011431076e+02
7.835048385942321829e+02
7.846134259283584242e+02
7.857210748482336840e+02
7.868275756447497997e+02
7.881536983164525054e+02
7.896986440264006433e+02
7.903600345660710218e+02
7.905800993140410355e+02
7.903612235995688025e+02
7.907975076444674869e+02
7.905798199884869746e+02
7.905793577665209568e+02
7.905793577665209568e+02
7.905794641236440157e+02
7.905794641236440157e+02
7.905794641236440157e+02
7.905794641236440157e+02
7.905794641236440157e+02
7.905799082296204006e+02
7.905808365029719198e+02
7.905808365029719198e+02
7.905808365029719198e+02
7.905808365029719198e+02
7.917823451179663152e+02
7.945722896416774574e+02
7.971622209310979770e+02
7.983514240614443906e+02
7.989423678112050311e+02
7.991375609755725691e+02
7.995226122720381454e+02
8.000969950245256541e+02
8.031451781356321362e+02
8.061955226695871488e+02
8.071450746277413373e+02
8.077102990021653568e+02
8.077102990021653568e+02
8.078929209782537555e+02
8.091642812145153130e+02
8.126050802229890451e+02
8.153243600271546256e+02
8.162253174976696073e+02
8.165834706612846503e+02
8.167606587923389725e+02
8.167606587923389725e+02
8.179600293075479840e+02
8.213743372160294030e+02
8.246298147411973787e+02
8.258229996117582914e+02
8.261613113778990964e+02
8.261613113778990964e+02
8.264867568052486604e+02
8.284218772399760837e+02
8.321312727746146720e+02
8.345642365804835663e+02
8.355264231327658990e+02
8.358431465035237125e+02
8.363085506452830487e+02
8.386249740122311778e+02
8.421883968531082019e+02
8.435791516575264950e+02
8.441900728701951948e+02
8.443404203105573060e+02
8.446351798897026129e+02
8.459456287949931266e+02
8.489913633368856836e+02
8.510255672606743929e+02
8.517438723467604405e+02
8.525952675998722725e+02
8.541380719231092371e+02
8.548293902660550430e+02
8.552376952898555373e+02
8.556362956903324175e+02
8.564209624933525902e+02
8.575783344727880149e+02
8.591007355764692193e+02
8.612577875273925656e+02
8.623924122886468240e+02
8.630117811685884135e+02
8.638660812051093671e+02
8.644657638100445638e+02
8.652917468257627434e+02
8.660955232198748490e+02
8.682694907892549736e+02
8.700996490435853730e+02
8.705487779724683151e+02
8.714383106828778409e+02
8.719835822941239485e+02
8.721925500599541010e+02
8.738616594881709716e+02
8.763688480387019126e+02
8.772046968540572607e+02
8.775103174110291775e+02
8.779080649662535052e+02
8.788722398006030971e+02
8.807986946912157009e+02
8.821508138215658619e+02
8.828130131825698754e+02
8.830914215140603574e+02
8.833594731813085446e+02
8.846808393672645252e+02
8.867936334947404475e+02
8.886800013420033792e+02
8.896528314142213958e+02
8.903494944535951845e+02
8.908581261290221391e+02
8.911860419298475335e+02
8.919889947014943345e+02
8.936572634563769952e+02
8.955106712216437472e+02
8.964815001300889890e+02
8.971149903014588745e+02
8.975770164384857708e+02
8.987860530652390025e+02
9.006136351491447840e+02
9.019256086583228580e+02
9.023056307478509552e+02
9.026721859055719506e+02
9.030985297139540080e+02
9.037192859922953403e+02
9.047263985584701231e+02
9.062809488032659146e+02
9.075216692227032809e+02
9.079921597358382996e+02
9.084526208270111738e+02
9.089562635995213213e+02
9.102736455262179334e+02
9.117390091575598490e+02
9.124414460811929075e+02
9.127495127366896668e+02
9.129873877127542983e+02
9.133786959530577860e+02
9.144876503069502860e+02
9.158426466288048005e+02
9.172390857619923281e+02
9.176442147287825719e+02
9.179218599550183626e+02
9.181316546936000123e+02
9.187336344230584473e+02
9.198950738388101627e+02
9.209882344923277060e+02
9.213971952865390449e+02
9.215440008553824782e+02
9.217283755198017161e+02
9.223949804778164889e+02
9.236852853361165216e+02
9.248504834439555680e+02
9.259124225487039439e+02
9.261965914018379635e+02
9.264230483745011497e+02
9.267254178230843991e+02
9.275574304720194050e+02
9.286340805585095950e+02
9.292953283499248300e+02
9.294636299243124995e+02
9.297362453392412363e+02
9.304761427043649746e+02
9.314680965706183997e+02
9.320769182939609436e+02
9.322703420192818839e+02
9.324851211108946245e+02
9.331611775852876463e+02
9.342929335786757292e+02
9.350933852636503616e+02
9.352785216292834320e+02
9.354891505286208258e+02
9.356873125031739846e+02
9.359960834312488487e+02
9.366641348169500816e+02
9.374193405839009756e+02
9.382511843831524629e+02
9.389064783768508278e+02
9.391738833183007955e+02
9.393962674293962891e+02
9.398173008457428068e+02
9.404861848737937180e+02
9.412547085136133092e+02
9.416051803905124871e+02
9.418426151037774616e+02
9.421234615254908249e+02
9.427448269231935001e+02
9.430845103521722876e+02
9.433440697262693675e+02
9.438840647692539960e+02
9.442550471632199560e+02
9.445054166387935766e+02
9.449811191531138093e+02
9.455561584495804937e+02
9.458056918151464743e+02
9.458974787489228220e+02
9.460034250182341111e+02
9.461484783772795026e+02
9.465286151356751816e+02
9.470034866208683297e+02
9.475339766948848137e+02
9.480007976619170904e+02
9.482419159232351831e+02
9.483261707554827353e+02
9.483432543003907540e+02
9.485089463520016579e+02
9.488098201263234159e+02
9.491949739717799730e+02
9.496454385712396515e+02
9.501249181251670279e+02
9.505912493095523814e+02
9.507338805791591767e+02
9.507718201084339853e+02
9.508055681602962750e+02
9.508795392018578241e+02
9.511016141261405892e+02
9.513977900166422614e+02
9.517429591741267814e+02
9.522135322725896458e+02
9.526636798635483956e+02
9.528871265148719658e+02
9.529900481436966402e+02
9.530649813074992380e+02
9.531505804837521509e+02
9.533839942030919019e+02
9.536836573013249563e+02
9.540664775038771950e+02
9.543408523865870166e+02
9.543966028564182125e+02
9.544456369449087560e+02
9.545144369510679780e+02
9.545874516617459449e+02
9.547246550918400771e+02
9.549158072620571147e+02
9.550082998848049556e+02
9.550436181593444189e+02
9.550558121525492652e+02
9.550597368084351046e+02
9.550352074790255301e+02
9.549991844057672097e+02
9.549932973335673978e+02
9.549858684641334321e+02
9.549726931066579709e+02
9.549467643202123099e+02
9.548516069862506583e+02
9.546977296581690098e+02
9.545407617498785839e+02
9.544339605054369713e+02
9.543722889996111007e+02
9.543507051698775285e+02
9.543275819783445968e+02
9.542730782384511485e+02
9.540515848597297008e+02
9.537597487628186173e+02
9.534837022295940869e+02
9.532870843316967466e+02
9.531610855034125507e+02
9.531114711257963563e+02
9.530883479342634246e+02
9.529975498116891686e+02
9.527908754984414372e+02
9.525561629015307972e+02
9.523561823575881817e+02
9.522076217904689202e+02
9.521127322363346366e+02
9.520788125484617694e+02
9.520645164410947245e+02
9.520164462100149194e+02
9.519065803753306909e+02
9.516627415872787878e+02
9.515015706240749296e+02
9.513880428385833739e+02
9.513116532551736100e+02
9.512900674106134602e+02
9.512781532140597847e+02
9.512707246421999798e+02
9.512048536249786821e+02
9.510693278903853525e+02
9.509471100831264039e+02
9.508742244722625401e+02
9.508433875881293034e+02
9.508313331776173527e+02
9.508181578201418915e+02
9.507853618312449271e+02
9.506435308760445650e+02
9.505033770181132695e+02
9.504066660667803035e+02
9.503441521063635946e+02
9.503285934357076030e+02
9.503169596650639050e+02
9.503091106485236423e+02
9.502262842749914853e+02
9.500756267447281971e+02
9.499346322422119329e+02
9.498208229373032054e+02
9.497647565608012883e+02
9.497538234146693412e+02
9.497469552194788776e+02
9.497208855399003369e+02
9.496421204925137545e+02
9.495098159515754332e+02
9.494053966661665527e+02
9.493532550435356825e+02
9.493339124557644482e+02
9.493299878614711815e+02
9.493431586209106854e+02
9.495015907217112954e+02
9.498039262427034828e+02
9.501725331376842405e+02
9.503208137022738811e+02
9.498733803016102684e+02
9.490329426772663055e+02
9.482370104050213513e+02
9.479283782961183533e+02
9.481348530083088235e+02
9.486785506326099267e+02
9.487130703833133794e+02
9.479415776729077834e+02
9.468802040146789523e+02
9.458185479787624672e+02
9.448085356599781335e+02
9.438365865241833035e+02
9.429176783713696750e+02
9.420589569613514414e+02
9.412168897805386223e+02
9.404575987074397290e+02
9.397516613323689398e+02
9.390966389445400182e+02
9.384593309254203177e+02
9.379063025933317022e+02
9.374051815685864995e+02
9.369618803860381604e+02
9.365672180397759803e+02
9.362139340303590416e+02
9.359373655188007888e+02
9.357120417767035860e+02
9.355280317465737880e+02
9.354039939169995250e+02
9.353266231429897744e+02
9.353044766061831297e+02
9.353367151447118886e+02
9.354266996915118852e+02
9.355627895789931472e+02
9.357490355837350080e+02
9.359922897356398153e+02
9.361885871566356627e+02
9.362358096452935570e+02
9.362663603652001711e+02
9.363077062348630761e+02
9.363870370501252864e+02
9.365147193496582076e+02
9.366817770124401932e+02
9.368884775902268984e+02
9.371020198619045232e+02
9.371591910820743578e+02
9.371818939276307674e+02
9.371929660749237883e+02
9.372103468039110794e+02
9.372320728916907910e+02
9.372837942473851172e+02
9.373848505622958101e+02
9.375322903855662844e+02
9.377331082226633043e+02
9.378386274526548050e+02
9.378575476257723267e+02
9.378669382005010675e+02
9.378767499471465499e+02
9.378808148397868081e+02
9.379105304604308913e+02
9.379766885777530661e+02
9.380784447730617330e+02
9.382471831948660110e+02
9.383242630999343419e+02
9.383447258951878212e+02
9.383503324462247974e+02
9.383475290787974927e+02
9.383147299616132386e+02
9.382778658438819548e+02
9.382893596568436578e+02
9.383232801322126306e+02
9.383258031644131734e+02
9.383207571630499615e+02
9.383120673243646479e+02
9.383009978147794072e+02
9.382197374124518774e+02
9.381726800019966959e+02
9.379555190367821069e+02
9.375952602856226576e+02
9.374400122417629291e+02
9.372908219661250087e+02
9.372675959884268195e+02
9.371866406787303276e+02
9.370325341915262243e+02
9.365178261863129592e+02
9.358402695818475650e+02
9.354236047476574640e+02
9.352507807209565271e+02
9.350679944262029721e+02
9.349516919203158523e+02
9.348653415272419807e+02
9.346819268364705522e+02
9.346823362233438957e+02
9.344163798061920261e+02
9.341365639579394156e+02
9.339012554976955016e+02
9.337101177816169866e+02
9.332522030123516288e+02
9.327754369995095658e+02
9.327050438373710222e+02
9.324819409417306133e+02
9.324799683829555761e+02
9.324799683829555761e+02
9.323942260750767446e+02
9.324842170603968725e+02
9.323903964122083607e+02
9.324891425701886192e+02
9.323900184520521179e+02
9.324936320881079155e+02
9.323877884533063707e+02
9.323870605575369837e+02
9.325016612352698075e+02
9.320250123380382092e+02
9.317794547870342967e+02
9.306625588405200915e+02
9.281682107693342232e+02
9.263055524489582240e+02
9.256752832869705117e+02
9.251623125919564927e+02
9.250309090488769925e+02
9.242239684380957669e+02
9.221930740346736002e+02
9.188258439997640608e+02
9.157593556403083994e+02
9.145591825079003456e+02
9.140171024247766809e+02
9.136038281995048465e+02
9.134634444165060359e+02
9.128876875417823840e+02
9.105715472586663282e+02
9.071029275354724177e+02
9.059453397366770560e+02
9.052122810914497677e+02
9.049152201878839605e+02
9.049152201878839605e+02
9.046070767752975144e+02
9.033573169887949916e+02
9.006782254132190246e+02
8.972225112943717704e+02
8.936343436717900204e+02
8.925376314699450404e+02
8.919033972087711390e+02
8.915839321054744460e+02
8.899619536570997980e+02
8.863838367429023037e+02
8.826587571217601180e+02
8.805539272818376730e+02
8.798999879503292050e+02
8.794051396882616700e+02
8.792381382878531895e+02
8.792381382878531895e+02
8.794108342369955835e+02
8.788849027117511241e+02
8.785301844127388904e+02
8.770935068175627976e+02
8.738522665757745926e+02
8.693693273624090807e+02
8.649163938523728348e+02
8.622537098360849086e+02
8.611807467500094617e+02
8.606406660011808754e+02
8.604593318599954728e+02
8.600890483671856828e+02
8.591596375075246215e+02
8.585966596708535690e+02
8.584061228592674979e+02
8.572569054806471058e+02
8.555210368227145636e+02
8.530014251703993295e+02
8.499031733359789769e+02
8.487340014531400811e+02
8.483417403230097307e+02
8.477502154602547080e+02
8.469554614219813402e+02
8.469554614219813402e+02
8.461458432117616439e+02
8.426957660961525107e+02
8.380335775828855276e+02
8.339942115358709316e+02
8.321733986618679637e+02
8.313605093878423986e+02
8.307474033399690825e+02
8.297194924249997712e+02
8.274457741316290367e+02
8.235138547951585224e+02
8.183515555635201508e+02
8.152593936926201650e+02
8.142248917681037028e+02
8.133936273252754745e+02
8.121419446383098375e+02
8.104659366308536619e+02
8.064771262991783942e+02
8.016538498207094108e+02
7.972607289743738193e+02
7.955845839044540071e+02
7.949529952435359519e+02
7.943198146217342810e+02
7.915661886915142986e+02
7.869026916348775558e+02
7.816141756798336928e+02
7.784471835476037995e+02
7.773880685708468263e+02
7.767506724041390953e+02
7.761097953739238164e+02
7.735407723365472066e+02
7.688269518021785416e+02
7.634805253471193964e+02
7.587863552288830533e+02
7.564382151857312238e+02
7.555815420337572732e+02
7.551519371478182165e+02
7.529975421379764384e+02
7.484704721071584572e+02
7.430883978794510085e+02
7.385770153077638724e+02
7.357836388912689927e+02
7.342759264445342069e+02
7.319005525037655389e+02
7.275849083524490197e+02
7.252104446044634187e+02
7.236938252120071411e+02
7.193631918207321405e+02
7.139583439177147284e+02
7.107169001099914567e+02
7.098504926845272394e+02
7.076805187301223441e+02
7.031224394772415280e+02
6.974882818424079005e+02
6.935939650297743810e+02
6.916437185573101942e+02
6.894733799994269248e+02
6.836171617877856761e+02
6.790695672734301525e+02
6.773354406201129905e+02
6.760320219224207676e+02
6.725521439124064500e+02
6.673350877673028663e+02
6.616934367043119209e+02
6.580073747484857449e+02
6.567047600888550960e+02
6.560519615116799059e+02
6.549610995017490040e+02
6.516853238676718547e+02
6.464454086784710398e+02
6.409928648635096806e+02
6.355492796432092746e+02
6.329382287064081538e+02
6.320658487222618760e+02
6.287926113407304456e+02
6.246452293073218698e+02
6.191921268780469063e+02
6.144014337310742349e+02
6.128759715399316974e+02
6.124392591581921579e+02
6.120020832628534890e+02
6.098090306814955284e+02
6.049831925266521466e+02
5.997221039560743066e+02
5.940280627280287717e+02
5.885624097891778774e+02
5.831064947872555422e+02
5.776608058563923578e+02
5.711410439087098894e+02
5.659376240397547235e+02
5.626912198902867885e+02
5.637761574096197137e+02
5.666076873366872633e+02
5.698914480667219777e+02
5.729698740511034885e+02
5.723079010336349484e+02
5.678950508534481969e+02
5.626028143408176447e+02
5.570968481039573135e+02
5.518174385176963597e+02
5.504982973036786689e+02
5.524810221952147913e+02
5.557951026031055335e+02
5.591182075410717971e+02
5.588958396593193356e+02
5.551217992263264023e+02
5.500169131777481653e+02
5.442493498967761525e+02
5.391503913584655265e+02
5.333902831656248509e+02
5.322829685502384791e+02
5.340571921571824987e+02
5.373881667058564062e+02
5.393882510100216905e+02
5.367208717603604100e+02
5.318307220114828624e+02
5.264963135269849772e+02
5.207183649900566706e+02
5.153860723412464040e+02
5.096113124131712198e+02
5.042826609672198970e+02
4.985125945807653238e+02
4.929680437602012262e+02
4.874269035197282847e+02
4.818899847895830248e+02
4.807829609633771497e+02
4.827786545212744613e+02
4.858871585374146775e+02
4.881093240972168132e+02
4.856643124642174030e+02
4.807743094835929014e+02
4.752180241898397526e+02
4.694405505201931419e+02
4.638868872581449523e+02
4.587791719660189074e+02
4.527861608542489193e+02
4.472398714971053550e+02
4.419191056242589752e+02
4.361588246054512297e+02
4.308460889589674707e+02
4.250957061111946587e+02
4.195717705567188318e+02
4.140541478665731461e+02
4.085430216294251977e+02
4.030381406617628386e+02
3.973211873660781634e+02
3.922707417231205795e+02
3.865706870413695810e+02
3.810986907898110303e+02
3.756349494737386863e+02
3.701819358805020101e+02
3.647385251880570536e+02
3.593068304168593841e+02
3.536698862621029207e+02
3.473966823248946980e+02
3.417881853090149207e+02
3.364085200717252064e+02
3.312559321702820512e+02
3.261147488294083132e+02
3.203476655653638545e+02
3.152346831781313199e+02
3.097113598829507168e+02
3.046291206663422599e+02
2.989294060389256060e+02
2.930417292415252177e+02
2.873834721269398074e+02
2.823696582214178648e+02
2.771655187312415478e+02
2.717730281394935332e+02
2.668129366119433143e+02
2.616668176993767929e+02
2.565399613701772523e+02
2.514354351612715277e+02
2.461489614368572632e+02
2.402819931619622764e+02
2.352462784947686316e+02
2.302335745369698259e+02
2.250456676304503389e+02
2.200799746205651672e+02
2.153390626039698077e+02
2.102266972229304827e+02
2.053365715929646171e+02
2.006657449374590385e+02
1.958247739228260400e+02
1.900547163087051104e+02
1.852709346187820074e+02
1.805123680818000764e+02
1.755974582835798685e+02
1.710846194087624497e+02
1.665986530107983583e+02
1.615826988677643214e+02
1.571530986434023305e+02
1.523852979310882461e+02
1.480117599036322247e+02
1.425883499564776002e+02
1.379220722685204521e+02
1.338228616262391881e+02
1.293972396376097720e+02
1.248311331165344740e+02
1.204724995764314599e+02
1.161450898944187884e+02
1.118524402212808724e+02
1.075933622424893485e+02
1.031982102338889149e+02
9.834356664107860979e+01
9.419446375105691516e+01
9.008051240487841937e+01
8.600207249801992759e+01
8.195952121736351614e+01
7.795147191024408073e+01
7.382571483211781072e+01
7.005079071375259048e+01
6.615746078566965593e+01
6.229969211231465920e+01
5.772466354227915275e+01
5.395311790183595235e+01
5.022034374753981467e+01
4.652667504618936789e+01
4.287244226586557261e+01
3.925797234636511490e+01
3.554512708265746568e+01
3.215251664492571138e+01
2.865926122698150635e+01
2.520704056597645248e+01
2.111798302081956891e+01
1.762537308072933229e+01
1.443927408643437893e+01
1.116442361112501835e+01
7.930478637877910408e+00
4.741141041594740813e+00
1.596723613108048667e+00
-1.507700256890086132e+00
-4.568389752074598853e+00
-7.585071036250191412e+00
-1.113950786411375660e+01
-1.405663436686292833e+01
-1.703953179207231372e+01
-1.975459628607682916e+01
-2.264332736687411796e+01
-2.526920539537477595e+01
-2.795946339390419766e+01
-3.060176091419307554e+01
-3.319955539000036993e+01
-3.575263858859976551e+01
-3.825479244307818050e+01
-4.070801757286937317e+01
-4.301862077586688571e+01
-4.547052100473710823e+01
-4.778357810806601691e+01
-5.004490220123883404e+01
-5.226003510839849753e+01
-5.443073625460326781e+01
-5.655101033169894720e+01
-5.870444911514250919e+01
-6.064728468021731800e+01
-6.262096462014073950e+01
-6.454936457391524129e+01
-6.642204938720196594e+01
-6.824595751679790112e+01
-7.002172590190360779e+01
-7.174800942762789191e+01
-7.342585891692530708e+01
-7.498712491029628779e+01
-7.668636565857553933e+01
-7.838333844581066501e+01
-7.990330839397992690e+01
-8.131866160395750853e+01
-8.267904464529199515e+01
-8.399085399334806823e+01
-8.520013616144885304e+01
-8.650127529274726612e+01
-8.756640247972649149e+01
-8.866806862977389869e+01
-8.980245072125543970e+01
-9.072320860821139377e+01
-9.174590636950496503e+01
-9.260710048863339239e+01
-9.345293992748112544e+01
-9.421605228799010945e+01
-9.501890341884688951e+01
-9.570397891500431342e+01
-9.633937051667886919e+01
-9.689636424716083241e+01
-9.742553823417340197e+01
-9.788290547792220764e+01
-9.832721918843071762e+01
-9.870678002720920574e+01
-9.902758601946148076e+01
-9.930010392667756491e+01
-9.951254681350543763e+01
-9.967581887408456964e+01
-9.978626457992490373e+01
-9.983994801216488213e+01
-9.984373256707101518e+01
-9.979873909674199695e+01
-9.967750097824726652e+01
-9.951338578117398015e+01
-9.928665179567069288e+01
-9.903066258185049264e+01
-9.871349404274566552e+01
-9.834302505833949226e+01
-9.792431908888754322e+01
-9.744819061810868277e+01
-9.692222638814978097e+01
-9.634479648238466609e+01
-9.557698225281284010e+01
-9.488842744701489096e+01
-9.417279035297946166e+01
-9.334709154551573818e+01
-9.245984457939965750e+01
-9.162953805582425559e+01
-9.059896905432785275e+01
-8.967214552811491046e+01
-8.913921107048679460e+01
-8.902415063750218849e+01
-8.895034494541977210e+01
-8.894992902515794242e+01
-8.894826070293684950e+01
-8.897120650424007238e+01
-8.893033592818179045e+01
-8.894532178754936069e+01
-8.893243370402220194e+01
-8.893733913623752585e+01
-8.892836894047938756e+01
-8.892836894047938756e+01
-8.892836894047938756e+01
-8.892878912033785355e+01
-8.893004805494406639e+01
-8.893004824286305166e+01
-8.892837562559689957e+01
-8.893004567239232472e+01
-8.889722596726591064e+01
-8.889681099226417871e+01
-8.889515472849087985e+01
-8.889515472849087985e+01
-8.889474359769964451e+01
-8.889433421082625841e+01
-8.889392791867490473e+01
-8.889433208742138959e+01
-8.889352620079790768e+01
-8.889472712933529408e+01
-8.881996096656126838e+01
-8.881561726287760905e+01
-8.889354257610781929e+01
-8.897928580871699467e+01
-8.880354748402611165e+01
-8.889392441618593921e+01
-8.889430512500278780e+01
-8.889392786218930098e+01
-8.889318271147068629e+01
-8.878476343170568441e+01
-8.889318388075531630e+01
-8.889318388075531630e+01
-8.889318388075531630e+01
-8.889318388075531630e+01
-8.889353153624972492e+01
-8.889387373240279544e+01
-8.889387373240279544e+01
-8.889387373240279544e+01
-8.889420250935393142e+01
-8.889485103069662841e+01
-8.889485103069662841e+01
-9.007305285457509569e+01
-9.331751603180681798e+01
-9.566887605868649302e+01
-9.641231042946077423e+01
-9.671434047549661273e+01
-9.763575022927383884e+01
-1.002609298239943030e+02
-1.024243340470210200e+02
-1.033620273410954411e+02
-1.036770741714922224e+02
-1.038384070461935096e+02
-1.059515726735245238e+02
-1.096867167471722269e+02
-1.121133494510023780e+02
-1.130928339122934148e+02
-1.134234838875948554e+02
-1.135918635747328409e+02
-1.137624218274098382e+02
-1.154816650366453530e+02
-1.189305448147097337e+02
-1.216846494937898910e+02
-1.223785948002756783e+02
-1.230790647181094926e+02
-1.234340374366986737e+02
-1.246866157467278668e+02
-1.268511330094989376e+02
-1.304607060662632136e+02
-1.336977494622979350e+02
-1.349626906995265756e+02
-1.355095953123953336e+02
-1.364287293454825942e+02
-1.369850767964414331e+02
-1.377410864787434832e+02
-1.409607279587106348e+02
-1.451200795113774689e+02
-1.479504409402203180e+02
-1.490892867752922371e+02
-1.502359346585078583e+02
-1.513902409567629945e+02
-1.527455552377649610e+02
-1.560461512806100188e+02
-1.605059003393589876e+02
-1.624472614151297023e+02
-1.634241259647481002e+02
-1.642098264243690835e+02
-1.646042428866368823e+02
-1.656013839590060854e+02
-1.688032840328244220e+02
-1.738010289143620923e+02
-1.787776177029019493e+02
-1.821500157281881513e+02
-1.835448248886929434e+02
-1.845465676681117486e+02
-1.847490292527607778e+02
-1.853587841153959062e+02
-1.869917994674898409e+02
-1.919017833037568437e+02
-1.970004742994086655e+02
-2.012689098024277428e+02
-2.026939215763749473e+02
-2.037168135773076756e+02
-2.047444049840975708e+02
-2.057758076937185479e+02
-2.066064663763359306e+02
-2.097308718002425394e+02
-2.145234237257079712e+02
-2.197183622240307557e+02
-2.246887665822513327e+02
-2.273812982998254029e+02
-2.280047853752877245e+02
-2.288391421392055349e+02
-2.296772146761785791e+02
-2.305200902334281636e+02
-2.336886584750909606e+02
-2.385486527872933493e+02
-2.438174580991193352e+02
-2.480237463345040680e+02
-2.488670232786331553e+02
-2.495011256221216058e+02
-2.501378962098789600e+02
-2.518455112688064617e+02
-2.567562458558846856e+02
-2.616593001414540254e+02
-2.637921627298219960e+02
-2.644338474282659490e+02
-2.648627964949255897e+02
-2.646468985046028024e+02
-2.657293082373392963e+02
-2.689841316662202644e+02
-2.737574324277131836e+02
-2.765776121397230440e+02
-2.785332364678133104e+02
-2.804920786486884481e+02
-2.815824552685558047e+02
-2.822380259165454959e+02
-2.842094944313761857e+02
-2.879364012011218392e+02
-2.934138183589599862e+02
-2.991035669232666123e+02
-3.023831152779253557e+02
-3.032589562943686019e+02
-3.043554144732560189e+02
-3.052344397771084914e+02
-3.065558925322466735e+02
-3.103029819423871913e+02
-3.153709350446699773e+02
-3.208740179745360592e+02
-3.265899813022700755e+02
-3.312005528315168021e+02
-3.327379087630242793e+02
-3.333978751268618339e+02
-3.338383746012577262e+02
-3.356039634692787672e+02
-3.398001540550927757e+02
-3.450992087112469449e+02
-3.508351079838898841e+02
-3.572252730154542064e+02
-3.622864435472716309e+02
-3.636076663290479019e+02
-3.647098947321809987e+02
-3.655925104224525057e+02
-3.673607978306341124e+02
-3.717827951460113809e+02
-3.773083363930239784e+02
-3.828308008403521967e+02
-3.883471637143381372e+02
-3.920950642698682600e+02
-3.938600972394294786e+02
-3.947434081577672487e+02
-3.960697944520579767e+02
-3.989465866472989433e+02
-4.035934892079511087e+02
-4.091230560830534273e+02
-4.139865995851216667e+02
-4.155345423249211763e+02
-4.170839929396649950e+02
-4.199623481253310615e+02
-4.248338740179592605e+02
-4.301455034557531576e+02
-4.341277765073139108e+02
-4.358989680188137186e+02
-4.374499683422596945e+02
-4.409954330354204899e+02
-4.436555570656510099e+02
-4.478672977152193084e+02
-4.536285291134223598e+02
-4.560658504206840576e+02
-4.569527420281842751e+02
-4.573964668458125402e+02
-4.573963694323347227e+02
-4.589516477373535395e+02
-4.625073153787993192e+02
-4.656186491029107515e+02
-4.669523090956357692e+02
-4.673968705140457587e+02
-4.676191132393162775e+02
-4.673970411167476868e+02
-4.678410020723264893e+02
-4.698365854819500669e+02
-4.742698556884747632e+02
-4.767080790004190476e+02
-4.778152819943072700e+02
-4.784789794356591983e+02
-4.786997347360912158e+02
-4.787000024872391464e+02
-4.789195505121805922e+02
-4.789194087993786866e+02
-4.787013366000609267e+02
-4.789190807881303726e+02
-4.789184101620411980e+02
-4.787027254086425501e+02
-4.787030567773187499e+02
-4.787034065288889906e+02
-4.789160809587953622e+02
-4.787048031257217531e+02
-4.789140289555411982e+02
-4.789132875398724423e+02
-4.787062686560296356e+02
-4.787064339151210675e+02
-4.789092283224839548e+02
-4.787080128637823009e+02
-4.787081983633027562e+02
-4.789051148620777667e+02
-4.796874585934468769e+02
-4.828127930075846734e+02
-4.873170362125918018e+02
-4.888828941792744445e+02
-4.900492236062759162e+02
-4.902416791573419346e+02
-4.904320045397563490e+02
-4.906216635017055978e+02
-4.908072693430643199e+02
-4.906226042429676113e+02
-4.924463347809559082e+02
-4.960894709357717716e+02
-4.980933323019612544e+02
-4.988149984742154288e+02
-4.991739821597748801e+02
-4.995274239123554025e+02
-4.995274239123554025e+02
-5.002160804534284466e+02
-5.007250457852431964e+02
-5.034196920569712006e+02
-5.066224997643089978e+02
-5.077967599155302310e+02
-5.086256234383987476e+02
-5.087886814933182791e+02
-5.094354486319713828e+02
-5.102339623220877911e+02
-5.122906514770384092e+02
-5.165665756692565083e+02
-5.178317973267736534e+02
-5.184586192937632632e+02
-5.189209843027031184e+02
-5.189206833399939569e+02
-5.192177389279855788e+02
-5.206787884926642391e+02
-5.232961930507898387e+02
-5.245996351875060100e+02
-5.253141902037391446e+02
-5.255943031928177334e+02
-5.261502666026209454e+02
-5.264201361175624925e+02
-5.269521616559206905e+02
-5.283863630016358002e+02
-5.308571432968794852e+02
-5.324166100151287537e+02
-5.329278651318331868e+02
-5.331807349429171836e+02
-5.336704404363174490e+02
-5.342688209679151896e+02
-5.364046915469572241e+02
-5.380678191244390973e+02
-5.386551765132722949e+02
-5.395752348499173650e+02
-5.402527320660473151e+02
-5.410233796385230107e+02
-5.432196043461234467e+02
-5.452135869379654878e+02
-5.459794824533686324e+02
-5.464065352890629583e+02
-5.466126492721817840e+02
-5.472238941525174596e+02
-5.478175028025119673e+02
-5.496725790678088970e+02
-5.520425155826820856e+02
-5.537392818149179448e+02
-5.543317657672756695e+02
-5.547169304424697884e+02
-5.549041903571398962e+02
-5.549953327416918683e+02
-5.562174261918397633e+02
-5.579559243018736652e+02
-5.602591239229557232e+02
-5.620531916265458676e+02
-5.626746640134551853e+02
-5.631091911225893227e+02
-5.633602000345644001e+02
-5.633582430458452563e+02
-5.642933358608207755e+02
-5.660871720217778602e+02
-5.678321859749136138e+02
-5.685449088785794629e+02
-5.689282212495218118e+02
-5.691529113630381289e+02
-5.695108503317475197e+02
-5.704879735724941838e+02
-5.720142682346478296e+02
-5.737840593882156099e+02
-5.745683472766760360e+02
-5.749139235233595855e+02
-5.750479097600630212e+02
-5.753002025946032063e+02
-5.762280414745080179e+02
-5.775884138904198153e+02
-5.792309340020131003e+02
-5.807914024726618436e+02
-5.813744643487059420e+02
-5.815607584735768114e+02
-5.817422019530672515e+02
-5.821419159436601376e+02
-5.832114048597820783e+02
-5.845790059813353992e+02
-5.861062842284524095e+02
-5.873735613169558292e+02
-5.879057431020371496e+02
-5.881932839649318794e+02
-5.885245029152864618e+02
-5.891563478412416544e+02
-5.903205152073963973e+02
-5.910714807136416766e+02
-5.914875327174810309e+02
-5.916857326283748080e+02
-5.922096536104712641e+02
-5.933035573404843035e+02
-5.944755396551765898e+02
-5.949122621434887606e+02
-5.950516750640739474e+02
-5.952252037540330321e+02
-5.957670927135638976e+02
-5.966428330597873355e+02
-5.977538557885420687e+02
-5.985479304650182257e+02
-5.990179158076446129e+02
-5.992234737264155910e+02
-5.998643101580805705e+02
-6.008427237434329982e+02
-6.013771743440706814e+02
-6.014926484921842302e+02
-6.016750199412821303e+02
-6.021261917729269726e+02
-6.029192744625073601e+02
-6.037792241740146437e+02
-6.047603937535894829e+02
-6.052580228104941398e+02
-6.054408091052475811e+02
-6.056805195145465177e+02
-6.059052612668334632e+02
-6.064710420449424646e+02
-6.072366537883935962e+02
-6.081074163466620348e+02
-6.087355666130773670e+02
-6.089034044410780098e+02
-6.090305207150951219e+02
-6.090600090430527871e+02
-6.093430738633938972e+02
-6.098464593174036281e+02
-6.104939655420735107e+02
-6.111894742066533581e+02
-6.119371007866755008e+02
-6.123607720752596606e+02
-6.125036278407854979e+02
-6.128257881572210408e+02
-6.134523055527344013e+02
-6.140831231564116024e+02
-6.142778657831131568e+02
-6.143799626266913947e+02
-6.145645120746842167e+02
-6.150363539845596961e+02
-6.155946017912090156e+02
-6.161996658322801750e+02
-6.166214196243406604e+02
-6.167197565044081102e+02
-6.168084754537366052e+02
-6.169222935162239310e+02
-6.172271093804640714e+02
-6.176660417570753907e+02
-6.181671631599837156e+02
-6.187438347393490403e+02
-6.192606502140417888e+02
-6.195958428735093548e+02
-6.196625911725822107e+02
-6.197801793516763382e+02
-6.198996253131318781e+02
-6.201983271710032568e+02
-6.206087558477497623e+02
-6.210713359690857942e+02
-6.216314717774130258e+02
-6.220771584012557014e+02
-6.222068888665143049e+02
-6.223033433045416132e+02
-6.224269810916524648e+02
-6.226817297220932232e+02
-6.230931684913691697e+02
-6.235377286208170062e+02
-6.240101765294115239e+02
-6.244349396591002233e+02
-6.245322319490752534e+02
-6.246393450740362141e+02
-6.247301035791226695e+02
-6.250063191042227118e+02
-6.253921727638718266e+02
-6.257942147549989613e+02
-6.262821191927603195e+02
-6.264961622382011228e+02
-6.265982450978090128e+02
-6.266931987207480006e+02
-6.267730468536353783e+02
-6.269656845896129198e+02
-6.272657671500917331e+02
-6.276219896040298636e+02
-6.279913174938195652e+02
-6.282557111420102274e+02
-6.283278470829069420e+02
-6.283780007736548896e+02
-6.285202144828383553e+02
-6.287607869158085805e+02
-6.290622815106428334e+02
-6.294070144794883390e+02
-6.297855704707102404e+02
-6.299275812309293769e+02
-6.299675052509983288e+02
-6.300215887503748036e+02
-6.301747457563706121e+02
-6.304007642190465504e+02
-6.306868712661809013e+02
-6.310160730158950173e+02
-6.313502548116616708e+02
-6.314767425578593247e+02
-6.315137280937923379e+02
-6.315563228435112251e+02
-6.316701143769009832e+02
-6.318482327864576291e+02
-6.320659940854586694e+02
-6.323441206107702328e+02
-6.326530186266621740e+02
-6.329944955326135414e+02
-6.331235009429977936e+02
-6.331719752010011462e+02
-6.331732355419874239e+02
-6.332533975548271883e+02
-6.334113425576729242e+02
-6.336094988533734522e+02
-6.338573807859554563e+02
-6.341262393675535805e+02
-6.342287975345850555e+02
-6.342569630529342248e+02
-6.343071344155001725e+02
-6.344168728115309932e+02
-6.345868709020179494e+02
-6.347827821833426469e+02
-6.350355585148649880e+02
-6.352360560411524375e+02
-6.352888797561510046e+02
-6.353338653930162536e+02
-6.354109490754930221e+02
-6.355516607569700227e+02
-6.357414117177298749e+02
-6.359573466767226364e+02
-6.360397425616591818e+02
-6.360680516890383842e+02
-6.360914580441578892e+02
-6.361437390830524237e+02
-6.362299391305673453e+02
-6.363775244471518135e+02
-6.365538266653513801e+02
-6.367114756985882877e+02
-6.367474926378973805e+02
-6.367730010062479096e+02
-6.368224785092264710e+02
-6.369046134319673911e+02
-6.370279514564216470e+02
-6.372048164634719569e+02
-6.374246784110139288e+02
-6.374930634466207948e+02
-6.375124040083488808e+02
-6.375219346430974383e+02
-6.375161877792271525e+02
-6.374854916008143846e+02
-6.374182124004768184e+02
-6.373777040356588941e+02
-6.373997103771226875e+02
-6.374699327412719185e+02
-6.376022398800834026e+02
-6.377844260426451228e+02
-6.378696313101138458e+02
-6.379067724102101238e+02
-6.379542871206637074e+02
-6.380288530168094212e+02
-6.381628419057489054e+02
-6.383506346103225724e+02
-6.384379410143006908e+02
-6.384813875065465254e+02
-6.384954037157615403e+02
-6.385420788632550284e+02
-6.386139832152981626e+02
-6.387331171591191605e+02
-6.388954072210041204e+02
-6.389845378576717394e+02
-6.390044400165298839e+02
-6.390296697363030489e+02
-6.390876981141600481e+02
-6.391774020414247843e+02
-6.392801353771267259e+02
-6.393014396818981595e+02
-6.393127932605020760e+02
-6.393249879242667930e+02
-6.393675986619650757e+02
-6.394525370890199838e+02
-6.395610177951962214e+02
-6.395935344166274490e+02
-6.395992811756576657e+02
-6.395994213470888781e+02
-6.395754526327862095e+02
-6.395520445190428518e+02
-6.395681638655026973e+02
-6.396375451326230177e+02
-6.397192583806639732e+02
-6.397360781277996011e+02
-6.397555614397939507e+02
-6.397924255037388548e+02
-6.398716179076957360e+02
-6.399648233133616486e+02
-6.399970602794156775e+02
-6.400012652710299790e+02
-6.400030874656376909e+02
-6.400126189364719949e+02
-6.400581731300369484e+02
-6.401225077672044108e+02
-6.401342817322429255e+02
-6.401355432498760365e+02
-6.401771697360044300e+02
-6.402130480910956294e+02
-6.400405888692239387e+02
-6.397680902060666313e+02
-6.395130733675810006e+02
-6.393010468190893789e+02
-6.391468814499015707e+02
-6.390452650823027625e+02
-6.389932633965647710e+02
-6.389872361660321758e+02
-6.390399386540259457e+02
-6.391395925962300453e+02
-6.392486315292262589e+02
-6.392772237113563278e+02
-6.392825499785546981e+02
-6.392800269568882641e+02
-6.392378370749812575e+02
-6.391852746408152370e+02
-6.391613059481940127e+02
-6.391817705127115232e+02
-6.392528337692303921e+02
-6.393907469209110559e+02
-6.394749763256354527e+02
-6.394962806304068863e+02
-6.395025880987387836e+02
-6.394969813637168272e+02
-6.394724519532103386e+02
-6.394560522379700842e+02
-6.394769372928146822e+02
-6.395506636445577442e+02
-6.396592854314627630e+02
-6.397168903131339448e+02
-6.397300656706094060e+02
-6.397356723556911220e+02
-6.397223564138349730e+02
-6.396825489244555456e+02
-6.396566178461761183e+02
-6.396754003992219850e+02
-6.397447817049661580e+02
-6.398714828484669397e+02
-6.399335708737660298e+02
-6.399445034974279451e+02
-6.399557169072202214e+02
-6.399508110027127259e+02
-6.399516520164188478e+02
-6.399897775619353979e+02
-6.400815836574232662e+02
-6.401595112073364362e+02
-6.401705841543091537e+02
-6.401726866742222910e+02
-6.401579692831357988e+02
-6.400940543258986963e+02
-6.400294380873527871e+02
-6.400064505206210015e+02
-6.400360258474922830e+02
-6.401246086556784576e+02
-6.402214567926240534e+02
-6.402535531464387759e+02
-6.402635049954021724e+02
-6.402754192848686898e+02
-6.403006495542038010e+02
-6.403606405816863116e+02
-6.404635172358442787e+02
-6.405017808199546607e+02
-6.405010799624079709e+02
-6.405233659255097791e+02
-6.406414994420845233e+02
-6.408362016900258595e+02
-6.406540474548691009e+02
-6.402621768040722827e+02
-6.398350850119080633e+02
-6.394604191928947330e+02
-6.391257439369127269e+02
-6.388476261448386140e+02
-6.386220170822083446e+02
-6.384468357111755950e+02
-6.383241983886556454e+02
-6.382541160868616998e+02
-6.382365950759730140e+02
-6.382658901425274962e+02
-6.383466240219584051e+02
-6.384813124150699650e+02
-6.386864788291612740e+02
-6.388729884358167510e+02
-6.389263784687680072e+02
-6.389530065030787682e+02
-6.389629576181207540e+02
-6.389754325631589609e+02
-6.389806188064046637e+02
-6.390167819948001124e+02
-6.390815380689697349e+02
-6.392117434378221787e+02
-6.393845408965069055e+02
-6.395298597281374668e+02
-6.395500408792806866e+02
-6.395599920299355290e+02
-6.395699439115606992e+02
-6.395798958877152245e+02
-6.396205444353903431e+02
-6.397002977121770755e+02
-6.398176091381345714e+02
-6.399849423227433363e+02
-6.400992976169603708e+02
-6.401362972029668299e+02
-6.401528361329311565e+02
-6.401605453514702049e+02
-6.401762442170224858e+02
-6.402184345581977141e+02
-6.402949639211041131e+02
-6.404226469022705714e+02
-6.405664367616327581e+02
-6.406030160960667672e+02
-6.406160509506532890e+02
-6.406226388087778787e+02
-6.406168918965837520e+02
-6.406150697042055526e+02
-6.406460466894302499e+02
-6.407210346014433071e+02
-6.408510984953214802e+02
-6.410154902614629009e+02
-6.410639805184175657e+02
-6.410873869246997856e+02
-6.411002821076352802e+02
-6.410983197446618078e+02
-6.410814995285045370e+02
-6.410866857697993737e+02
-6.411319597662525211e+02
-6.412194206391758371e+02
-6.413681228327360486e+02
-6.415654384086209348e+02
-6.417407332572466885e+02
-6.417813730080281402e+02
-6.418221557665251567e+02
-6.418281823073371015e+02
-6.418280421303322782e+02
-6.417855743194562592e+02
-6.416684043989353086e+02
-6.415716936722117225e+02
-6.415244574565854236e+02
-6.415279616643367717e+02
-6.415852894451039674e+02
-6.417013415058975170e+02
-6.418577467607597100e+02
-6.420675247703155719e+02
-6.423532113713549734e+02
-6.425517269058414058e+02
-6.425874531979113726e+02
-6.425972618950860351e+02
-6.425832452820957315e+02
-6.426004853430986259e+02
-6.425990856760777206e+02
-6.424502607274602042e+02
-6.422595288168423622e+02
-6.421178352474215671e+02
-6.420233662547932454e+02
-6.419811759772690039e+02
-6.419922492557046780e+02
-6.420631725601700737e+02
-6.421806246540511438e+02
-6.423441750944909927e+02
-6.425748310565332986e+02
-6.428298319707099608e+02
-6.428302520497702517e+02
-6.427705498217235345e+02
-6.427475630448275297e+02
-6.428152578128746200e+02
-6.428180643508468393e+02
-6.426125272890587894e+02
-6.423598980919381347e+02
-6.421426925412396258e+02
-6.419534908978456542e+02
-6.418518745302471871e+02
-6.418042179271271834e+02
-6.418043581134402302e+02
-6.418590228110215321e+02
-6.419153679708949767e+02
-6.419087801453761131e+02
-6.419443812985169870e+02
-6.420203371187263883e+02
-6.418841524722065515e+02
-6.416363003179169482e+02
-6.413767959040803817e+02
-6.411852234211005452e+02
-6.410415668992246765e+02
-6.409475185584414021e+02
-6.409060291208513718e+02
-6.409145793605094923e+02
-6.409782143055683719e+02
-6.410817910146396343e+02
-6.410869769499988706e+02
-6.410880983114167293e+02
-6.411054791924536858e+02
-6.411510335164417711e+02
-6.412331692062172124e+02
-6.413678573655879518e+02
-6.415716194374709858e+02
-6.418053449302766467e+02
-6.421709997373275201e+02
-6.425389722892095961e+02
-6.429284332807710598e+02
-6.433698787101059224e+02
-6.435320155923452603e+02
-6.435803314045713250e+02
-6.436096053731657776e+02
-6.436849864181426710e+02
-6.438773780202621992e+02
-6.441309950223926535e+02
-6.444287100991017496e+02
-6.447835150566105540e+02
-6.449451514346378644e+02
-6.449599991119420110e+02
-6.448647102901267090e+02
-6.448449487109043048e+02
-6.448713001006520926e+02
-6.449101264158185813e+02
-6.449947848669735322e+02
-6.451287737559132438e+02
-6.453130613844916752e+02
-6.455498743767041105e+02
-6.457652198159297541e+02
-6.457404151592456856e+02
-6.456996326725897006e+02
-6.457437837719318168e+02
-6.458306842209655088e+02
-6.459580850010534050e+02
-6.461495168261762956e+02
-6.463990789696911179e+02
-6.466802661797424889e+02
-6.468892768500347756e+02
-6.469701176651843753e+02
-6.469423723953960916e+02
-6.468882726845764637e+02
-6.469085962619102474e+02
-6.469080380053575254e+02
-6.467719673583594613e+02
-6.465504021456927148e+02
-6.464193569603514788e+02
-6.463408652181983598e+02
-6.463128316732343137e+02
-6.463393233498439940e+02
-6.464186561157373490e+02
-6.465464770435669379e+02
-6.467376319744053035e+02
-6.467782719242924259e+02
-6.467464556381703460e+02
-6.467636957127173218e+02
-6.467869630444362201e+02
-6.466549585703096454e+02
-6.464776840593539191e+02
-6.463114677699304593e+02
-6.462101321798129447e+02
-6.461525237680267537e+02
-6.461631764693531750e+02
-6.462263910023373228e+02
-6.463416004230909948e+02
-6.463575781983241768e+02
-6.463481870831863034e+02
-6.464017273678673519e+02
-6.463933238398800540e+02
-6.462099149411187682e+02
-6.459795494513326730e+02
-6.457904989928761097e+02
-6.456444594360083329e+02
-6.455578392080509502e+02
-6.455192932293373360e+02
-6.455354125482077734e+02
-6.456262387539085239e+02
-6.457515375287925963e+02
-6.458288997772095854e+02
-6.458004470084023296e+02
-6.458186683327401170e+02
-6.459300782131927008e+02
-6.458631174686548775e+02
-6.456066116821829155e+02
-6.453383124432212981e+02
-6.450893103484182802e+02
-6.449081079764740707e+02
-6.447624885171867390e+02
-6.446713831913502872e+02
-6.446324166927134911e+02
-6.446464335097851972e+02
-6.447100685125310520e+02
-6.448373307891952209e+02
-6.449200205236685406e+02
-6.449392226506856787e+02
-6.449442686520488905e+02
-6.449424464698147403e+02
-6.449424464698147403e+02
-6.449324981284429441e+02
-6.449462251719057804e+02
-6.449474822887701748e+02
-6.449262092359493863e+02
-6.449253746193473944e+02
-6.449574995068674070e+02
-6.449216355460691830e+02
-6.449203942711642412e+02
-6.449649437321579626e+02
-6.449661749100565657e+02
-6.449126024268359743e+02
-6.450250396731421461e+02
-6.449657722294300584e+02
-6.450310912907444845e+02
-6.450330932327361779e+02
-6.449601813960640584e+02
-6.449574185409115898e+02
-6.450386135911628571e+02
-6.449546868710140188e+02
-6.450421074316262775e+02
-6.449516031000424618e+02
-6.449497052306981004e+02
-6.449485780494130722e+02
-6.449478338845563030e+02
-6.449452518674827388e+02
-6.450545290541339227e+02
-6.449398123716813416e+02
-6.449380334245449831e+02
-6.451817083249978850e+02
-6.441856217244484242e+02
-6.416806094403309544e+02
-6.400578278103087086e+02
-6.392978385813526074e+02
-6.390412934974322070e+02
-6.389101180378263507e+02
-6.389101180378263507e+02
-6.373948765323929138e+02
-6.344950034357052573e+02
-6.324329085798430015e+02
-6.317369862375880984e+02
-6.314556757584175557e+02
-6.311682335706731237e+02
-6.310200694566257198e+02
-6.296731579493683739e+02
-6.271138565649458769e+02
-6.241193408230718660e+02
-6.229178088030134859e+02
-6.223102574695899420e+02
-6.223102574695899420e+02
-6.219973927696744340e+02
-6.211937245796400475e+02
-6.186123031558173579e+02
-6.152327160824357861e+02
-6.136158289771806267e+02
-6.134529615735410744e+02
-6.131207290511703150e+02
-6.129514370549923115e+02
-6.129501017109560053e+02
-6.113902991551431114e+02
-6.077436528094376627e+02
-6.044573211046925962e+02
-6.028951553389051696e+02
-6.023687023772508837e+02
-6.018381561196307530e+02
-6.018366653000582573e+02
-6.016559820067162718e+02
-6.000038069787284485e+02
-5.963249608249176390e+02
-5.928396351052388127e+02
-5.919182182677927813e+02
-5.913618646127229113e+02
-5.907984440897221248e+02
-5.902272726980379502e+02
-5.875581399735366404e+02
-5.833650247195780594e+02
-5.789991499066136384e+02
-5.778583395905104680e+02
-5.769003771691570819e+02
-5.767070135737334340e+02
-5.763172282567352340e+02
-5.737645091751139717e+02
-5.698368355383034896e+02
-5.649496390640717891e+02
-5.631886459380498309e+02
-5.625984857776833223e+02
-5.622035503573263213e+02
-5.610049794583263747e+02
-5.583963118051156016e+02
-5.537848179108623299e+02
-5.493881352386358685e+02
-5.481871745378534797e+02
-5.473827934434001463e+02
-5.467747681168798408e+02
-5.463650239408392508e+02
-5.432909453987297184e+02
-5.385802602582937197e+02
-5.336823712648476885e+02
-5.318442118853172360e+02
-5.312284910053795102e+02
-5.289612199699248549e+02
-5.258623361459470971e+02
-5.239989678672587843e+02
-5.210942985911041205e+02
-5.188102660326476325e+02
-5.169331730523754231e+02
-5.127606876024522080e+02
-5.081824913478536700e+02
-5.067232627016335869e+02
-5.060958366153639076e+02
-5.054649347600745273e+02
-5.037739513307359402e+02
-4.999647949306601049e+02
-4.948915823412723967e+02
-4.894113950721924766e+02
-4.870946395147836938e+02
-4.864610572467348675e+02
-4.856126931463135179e+02
-4.839088062176547851e+02
-4.796433493407508877e+02
-4.747450074911686215e+02
-4.698577558428380598e+02
-4.679450525168214767e+02
-4.668795543996355377e+02
-4.658099634025721798e+02
-4.625939734677371575e+02
-4.574485304065835294e+02
-4.523172250725727963e+02
-4.497520863260143074e+02
-4.491091584977057778e+02
-4.484645853548527157e+02
-4.467376374360981686e+02
-4.424175201958847765e+02
-4.370233739705583389e+02
-4.325006469072975506e+02
-4.299160962367172942e+02
-4.286206148039069603e+02
-4.279708844443863427e+02
-4.240687969261270496e+02
-4.188703404844003444e+02
-4.156225067587172362e+02
-4.136723610041941583e+02
-4.123684956190059552e+02
-4.114969938938348832e+02
-4.114972338565381733e+02
-4.112782122462910479e+02
-4.112778985379202936e+02
-4.110574331866749276e+02
-4.110571044070863991e+02
-4.112783945852337979e+02
-4.110567735185950937e+02
-4.112786317093880371e+02
-4.110564949446714991e+02
-4.110564439030317203e+02
-4.112787191984343735e+02
-4.112787191984343735e+02
-4.112787191984343735e+02
-4.112787191984343735e+02
-4.112786147101918459e+02
-4.112787334611730898e+02
-4.114995190214320928e+02
-4.112790373950689400e+02
-4.112792319108713741e+02
-4.112793053807361616e+02
-4.112798626830605144e+02
-4.114973145263969059e+02
-4.114967381608473715e+02
-4.112813886572402566e+02
-4.114959916296110691e+02
-4.112828776803586379e+02
-4.114952479649596171e+02
-4.114953852674356085e+02
-4.112862022897159022e+02
-4.117015021187868911e+02
-4.114940539104276240e+02
-4.112899608313804833e+02
-4.116961099284072247e+02
-4.114937105862406383e+02
-4.114938884807629620e+02
-4.114940784883190190e+02
-4.112992152680436675e+02
-4.113006603556593745e+02
-4.114930422980831963e+02
-4.114928190691232430e+02
-4.114925897799482186e+02
-4.114914162150417383e+02
-4.113096815499807803e+02
-4.116687396918208606e+02
-4.113131903323271104e+02
-4.114899632520476302e+02
-4.114894271697639851e+02
-4.114899681289975888e+02
-4.113247362938903393e+02
-4.098430155197127647e+02
-4.070615266266387948e+02
-4.031410002542195343e+02
-4.000392843991723453e+02
-3.964498183412362096e+02
-3.933520974475822527e+02
-3.899241674618392040e+02
-3.868293063665310569e+02
-3.832458455935173447e+02
-3.801538472125921544e+02
-3.768988860710090876e+02
-3.738023096799008727e+02
-3.703829544204684225e+02
-3.669615952609678970e+02
-3.638684541230212517e+02
-3.604470949635207262e+02
-3.571901322506013230e+02
-3.539317358517586740e+02
-3.506756319531541521e+02
-3.474186669115030099e+02
-3.440001704663854980e+02
-3.409064544568305450e+02
-3.376512087903579982e+02
-3.343939574772686001e+02
-3.311369947643491969e+02
-3.277193594622783053e+02
-3.246244983669701583e+02
-3.213698264077400495e+02
-3.181114300088974005e+02
-3.148530336100547515e+02
-3.117596038719380545e+02
-3.083373858981226476e+02
-3.050801345850331927e+02
-3.019829850678409571e+02
-2.985607670940255503e+02
-2.954636175768333146e+02
-2.920405425383253259e+02
-2.887787161310900501e+02
-2.853513557691191522e+02
-2.822536348754651954e+02
-2.783385289844441672e+02
-2.752376684414000465e+02
-2.716467768634588538e+02
-2.685473435931093036e+02
-2.651191261664458807e+02
-2.621820825276029154e+02
-2.587558666712450304e+02
-2.553273658932701267e+02
-2.523897508779655254e+02
-2.487974296904104108e+02
-2.458609574280292804e+02
-2.422686362404741658e+02
-2.391669174642778160e+02
-2.359016657194215725e+02
-2.326361288705643346e+02
-2.293720169574822876e+02
-2.261033416276945331e+02
-2.226742688890281556e+02
-2.197349414970279611e+02
-2.163027326143504752e+02
-2.128745175246065457e+02
-2.099351924695257878e+02
-2.063414457619656162e+02
-2.030764767841909872e+02
-1.999716201112939871e+02
-1.967080795746736612e+02
-1.934405446608899410e+02
-1.901752923318038597e+02
-1.870750002440722710e+02
-1.838074653302885508e+02
-1.803795376814650240e+02
-1.769507517994891828e+02
-1.740108541994869427e+02
-1.707458852217123138e+02
-1.673136763390348278e+02
-1.638843184963674275e+02
-1.609458464163702445e+02
-1.573518169417284867e+02
-1.544127769906487231e+02
-1.509828489399793057e+02
-1.475537762013129282e+02
-1.446153041213157451e+02
-1.410212723097545791e+02
-1.380819449177544129e+02
-1.348155504199747554e+02
-1.313844819533013037e+02
-1.281166619355165892e+02
-1.248468461897247721e+02
-1.215781708599369892e+02
-1.183083551141451721e+02
-1.150385393683533550e+02
-1.117687236225615379e+02
-1.084989078767697208e+02
-1.053934809958706751e+02
-1.019601316971891123e+02
-9.852735260650958082e+01
-9.542278103761357499e+01
-9.215296529182175789e+01
-8.888371975403197212e+01
-8.561504442424420347e+01
-8.250961754334515774e+01
-7.924179752556040057e+01
-7.580844822687883777e+01
-7.254091331309508917e+01
-6.943662684820007769e+01
-6.616681110240826058e+01
-6.257163887484301767e+01
-5.946592688994297760e+01
-5.619810687215824885e+01
-5.292914643836947164e+01
-4.965847538057462884e+01
-4.622769201790217153e+01
-4.295930179211541855e+01
-3.985358980721537847e+01
-3.658605664612120023e+01
-3.331624090032939023e+01
-2.988602774565895714e+01
-2.694470462565168134e+01
-2.334839198208241839e+01
-2.024581614119348316e+01
-1.681417746651800016e+01
-1.370846548161795653e+01
-1.044121567183524313e+01
-7.009576997159756573e+00
-3.907001156270823117e+00
-6.363300984759913126e-01
2.794453264196464559e+00
5.735491280202725584e+00
9.329237987762903472e+00
1.226856537976310513e+01
1.390758439727035345e+01
1.457019534688634899e+01
1.507257745471757104e+01
1.490293664559953868e+01
1.490213531000635605e+01
1.490187626488941675e+01
1.507965508337029981e+01
1.490062091517148524e+01
1.471648331413663691e+01
1.490037123608512992e+01
1.490060051226570614e+01
1.490103549175423936e+01
1.509342086912506886e+01
1.470678376863008552e+01
1.490124724537949419e+01
1.509944501538857331e+01
1.490030434471515086e+01
1.510216654013677662e+01
1.489943174533084935e+01
1.510434648899340004e+01
1.510575590504785026e+01
1.489787612878048506e+01
1.489773656517631117e+01
1.489800515817919724e+01
1.489788525817793641e+01
1.489765386664149638e+01
1.489720411677031287e+01
1.489751085759115945e+01
1.489751085759115945e+01
1.489795625011194424e+01
1.489787340081940492e+01
1.511676646767938514e+01
1.489724276249813606e+01
1.511772438886127468e+01
1.489718973813460146e+01
1.511837665366826222e+01
1.511857611228406029e+01
1.489674732124170120e+01
1.511885347038354865e+01
1.489662921595087575e+01
1.511892015607039497e+01
1.489669006858175138e+01
1.489675024830672179e+01
1.511862130265916626e+01
1.489676152356419614e+01
1.511812902097714861e+01
1.489732066872634064e+01
1.511783773234968287e+01
1.511777420396871641e+01
1.489875729946411376e+01
1.511724480631333378e+01
1.511724480631333378e+01
1.533394743678184113e+01
1.511781807873136430e+01
1.511781807873136430e+01
1.511781807873136430e+01
1.532990511946392687e+01
1.511910763788561241e+01
1.490968573671619524e+01
1.511808712206565630e+01
1.511730985322833121e+01
1.511714117632030430e+01
1.511714117632030430e+01
1.511714117632030430e+01
1.511658111162716445e+01
1.511658111162716445e+01
1.511658111162716445e+01
1.511658111162716445e+01
1.511679506636662929e+01
1.511701447505388352e+01
1.530338321433409732e+01
1.511746945202288828e+01
1.511818962195028782e+01
1.511843552201001373e+01
1.529486227426402678e+01
1.511869163278609207e+01
1.511949173895935772e+01
1.494965657765547284e+01
1.511646746126488416e+01
1.511561683906306008e+01
1.495505739624756991e+01
1.495683127894452724e+01
1.495742988900130221e+01
1.480646296591853783e+01
1.510434756326980121e+01
1.495712884254739095e+01
1.509859506034136878e+01
1.481827344898131571e+01
1.482059588690656149e+01
1.495379828997659644e+01
1.482501292836408879e+01
1.495311421704488808e+01
1.483092028095351189e+01
1.483339714557769895e+01
1.494811996716690494e+01
1.494594071288690884e+01
1.483887004228060746e+01
1.494445574963439149e+01
1.494445139870397909e+01
1.494407701355301121e+01
1.494293522649991779e+01
1.503074222670796090e+01
1.502957818756991593e+01
1.494486791739988440e+01
1.486917900971766748e+01
1.494447188351222700e+01
1.487474459565601670e+01
1.487755377415576952e+01
1.487795742660019016e+01
1.493438088164803190e+01
1.487999545966011361e+01
1.492988717854440495e+01
1.488533955680844656e+01
1.492493505476067384e+01
1.488616807947727416e+01
1.491870943829992946e+01
1.488866632485164132e+01
1.489284386570192709e+01
1.491327804833048098e+01
1.491201981746999472e+01
1.489955188766441196e+01
1.490781951908324743e+01
1.490655823470206620e+01
1.490711889133272727e+01
1.490109246337734916e+01
1.490921998374303392e+01
1.489647232706646029e+01
1.491257761702085816e+01
1.491299610343819992e+01
1.491299610343819992e+01
1.491341251462823436e+01
1.487810066537964104e+01
1.491424320950540583e+01
1.491424320950540583e+01
1.491424320950540583e+01
1.491424320950540583e+01
1.491424320950540583e+01
1.491424320950540583e+01
1.491424320950540583e+01
1.484584748437941215e+01
1.484305457945283457e+01
1.484067778173835528e+01
1.491938679875677742e+01
1.491977761346592857e+01
1.492016480437549575e+01
1.492246693949163650e+01
1.492399009825036771e+01
1.482562050034031387e+01
1.492549666764358030e+01
1.492586813656204825e+01
1.481562022347102037e+01
1.481308524933486481e+01
1.481093124040722486e+01
1.493088789419191897e+01
1.493123821234629922e+01
1.480394229413484730e+01
1.480223363420650706e+01
1.480088597545520201e+01
1.479989078227473520e+01
1.493896393226563113e+01
1.493960633435931662e+01
1.479186064043712356e+01
1.494086036045436749e+01
1.494147094098690154e+01
1.478424392920350705e+01
1.494265032277775873e+01
1.478189713814987272e+01
1.478048434033178005e+01
1.410942755908279089e+01
1.125079204058944526e+01
7.229475353291061168e+00
2.905538654342847416e+00
-1.384473178518606407e+00
-5.473751293402298046e+00
-9.528688704712203972e+00
-1.354605039539508660e+01
-1.768121873325749860e+01
-2.146682068303747570e+01
-2.553653717456539596e+01
-2.940367036244379406e+01
