0.000000000000000000e+00
8.891299962989980266e-01
8.891299962989980266e-01
8.891299962989980266e-01
8.891299962989980266e-01
8.891299962989980266e-01
8.891299962989980266e-01
8.891299962989980266e-01
8.891299962989980266e-01
8.891299962989980266e-01
8.891299962989980266e-01
8.891299962989980266e-01
8.891299962989980266e-01
8.891299962989980266e-01
-1.555967152035941714e+00
-9.335820413194822365e+00
-1.844936628230348674e+01
-2.756293919837336048e+01
-3.667650893244495336e+01
-4.467861565702111193e+01
-5.379209907956861514e+01
-6.312787932012762582e+01
-7.246370729056125981e+01
-8.113269015026794762e+01
-9.002397420326651911e+01
-9.891526104051358459e+01
-1.075842785044288092e+02
-1.164755748876707173e+02
-1.253668617249177828e+02
-1.284788155187149243e+02
-1.284788155187149243e+02
-1.284788155187149243e+02
-1.284788155187149243e+02
-1.284788155187149243e+02
-1.284788155187149243e+02
-1.284788155187149243e+02
-1.284788155187149243e+02
-1.284788155187149243e+02
-1.284788155187149243e+02
-1.284788155187149243e+02
-1.284788155187149243e+02
-1.284788155187149243e+02
-1.284788155187149243e+02
-1.284788155187149243e+02
-1.284788155187149243e+02
-1.284788155187149243e+02
-1.284788155187149243e+02
-1.284788155187149243e+02
-1.284788155187149243e+02
-1.284788155187149243e+02
-1.284788155187149243e+02
-1.284788155187149243e+02
-1.284788155187149243e+02
-1.284788155187149243e+02
-1.284788155187149243e+02
-1.284788155187149243e+02
-1.284788155187149243e+02
-1.284788155187149243e+02
-1.284788155187149243e+02
-1.284788155187149243e+02
-1.284788155187149243e+02
-1.284788155187149243e+02
-1.322576160142367598e+02
-1.404820660935038177e+02
-1.498179274748952707e+02
-1.542635754676413455e+02
-1.544858575689663098e+02
-1.544858575689663098e+02
-1.544858575689663098e+02
-1.544858575689663098e+02
-1.544858575689663098e+02
-1.544858575689663098e+02
-1.544858575689663098e+02
-1.544858575689663098e+02
-1.544858575689663098e+02
-1.544858575689663098e+02
-1.544858575689663098e+02
-1.544858575689663098e+02
-1.567086750024721482e+02
-1.647108306501708626e+02
-1.740466789058193626e+02
-1.831602554016373290e+02
-1.920515497961303311e+02
-1.964971969933768321e+02
-1.967194790947017964e+02
-1.967194790947017964e+02
-1.967194790947017964e+02
-1.967194790947017964e+02
-1.967194790947017964e+02
-1.967194790947017964e+02
-1.967194790947017964e+02
-1.967194790947017964e+02
-1.967194790947017964e+02
-1.967194790947017964e+02
-1.967194790947017964e+02
-1.967194790947017964e+02
-1.967194790947017964e+02
-1.967194790947017964e+02
-1.967194790947017964e+02
-1.967194790947017964e+02
-1.967194790947017964e+02
-1.967194790947017964e+02
-1.967194790947017964e+02
-1.967194790947017964e+02
-1.967194790947017964e+02
-1.967194790947017964e+02
-1.967194790947017964e+02
-1.967194790947017964e+02
-1.967194790947017964e+02
-1.967194790947017964e+02
-1.967194790947017964e+02
-1.967194790947017964e+02
-1.967194790947017964e+02
-1.967194790947017964e+02
-1.967194790947017964e+02
-1.973863218189328848e+02
-2.033879290087234608e+02
-2.064998784272729608e+02
-2.064998784272729608e+02
-2.064998784272729608e+02
-2.064998784272729608e+02
-2.064998784272729608e+02
-2.064998784272729608e+02
-2.064998784272729608e+02
-2.064998784272729608e+02
-2.064998784272729608e+02
-2.064998784272729608e+02
-2.064998784272729608e+02
-2.064998784272729608e+02
-2.064998784272729608e+02
-2.064998784272729608e+02
-2.064998784272729608e+02
-2.064998784272729608e+02
-2.064998784272729608e+02
-2.064998784272729608e+02
-2.064998784272729608e+02
-2.064998784272729608e+02
-2.064998784272729608e+02
-2.064998784272729608e+02
-2.064998784272729608e+02
-2.064998784272729608e+02
-2.064998784272729608e+02
-2.064998784272729608e+02
-2.064998784272729608e+02
-2.064998784272729608e+02
-2.064998784272729608e+02
-2.064998784272729608e+02
-2.062775959281982239e+02
-2.040547761081965064e+02
-2.038324971888612822e+02
-2.038324971888612822e+02
-2.038324971888612822e+02
-2.038324971888612822e+02
-2.038324971888612822e+02
-2.038324971888612822e+02
-2.038324971888612822e+02
-2.038324971888612822e+02
-2.038324971888612822e+02
-2.038324971888612822e+02
-2.038324971888612822e+02
-2.038324971888612822e+02
-2.038324971888612822e+02
-2.038324971888612822e+02
-2.038324971888612822e+02
-2.038324971888612822e+02
-2.038324971888612822e+02
-2.038324971888612822e+02
-2.038324971888612822e+02
-2.038324971888612822e+02
-2.038324971888612822e+02
-2.038324971888612822e+02
-2.024988236728499373e+02
-1.967195856912770182e+02
-1.940522581488543210e+02
-1.940522581488543210e+02
-1.940522581488543210e+02
-1.940522581488543210e+02
-1.940522581488543210e+02
-1.940522581488543210e+02
-1.940522581488543210e+02
-1.940522581488543210e+02
-1.940522581488543210e+02
-1.940522581488543210e+02
-1.940522581488543210e+02
-1.940522581488543210e+02
-1.940522581488543210e+02
-1.940522581488543210e+02
-1.940522581488543210e+02
-1.940522581488543210e+02
-1.940522581488543210e+02
-1.940522581488543210e+02
-1.960527823440639850e+02
-2.011652293086430348e+02
-2.022766318602863862e+02
-2.022766318602863862e+02
-2.022766318602863862e+02
-2.022766318602863862e+02
-2.022766318602863862e+02
-2.022766318602863862e+02
-2.022766318602863862e+02
-2.022766318602863862e+02
-2.022766318602863862e+02
-2.022766318602863862e+02
-2.022766318602863862e+02
-2.022766318602863862e+02
-2.022766318602863862e+02
-2.022766318602863862e+02
-2.022766318602863862e+02
-2.022766318602863862e+02
-2.022766318602863862e+02
-2.022766318602863862e+02
-2.022766318602863862e+02
-2.069445368961437168e+02
-2.098341934741368391e+02
-2.098341934741368391e+02
-2.098341934741368391e+02
-2.098341934741368391e+02
-2.098341934741368391e+02
-2.098341934741368391e+02
-2.098341934741368391e+02
-2.098341934741368391e+02
-2.098341934741368391e+02
-2.098341934741368391e+02
-2.098341934741368391e+02
-2.098341934741368391e+02
-2.089450698418287118e+02
-2.033880670273210285e+02
-2.000538673273582333e+02
-1.998315884080230092e+02
-1.998315884080230092e+02
-1.998315884080230092e+02
-1.998315884080230092e+02
-1.998315884080230092e+02
-1.998315884080230092e+02
-1.998315884080230092e+02
-1.998315884080230092e+02
-1.998315884080230092e+02
-1.998315884080230092e+02
-1.998315884080230092e+02
-1.998315884080230092e+02
-1.998315884080230092e+02
-1.998315884080230092e+02
-1.998315884080230092e+02
-1.998315884080230092e+02
-1.998315884080230092e+02
-1.998315884080230092e+02
-1.998315884080230092e+02
-1.998315884080230092e+02
-1.998315884080230092e+02
-1.998315884080230092e+02
-1.998315884080230092e+02
-1.998315884080230092e+02
-1.998315884080230092e+02
-1.998315884080230092e+02
-1.998315884080230092e+02
-1.998315884080230092e+02
-1.998315884080230092e+02
-1.998315884080230092e+02
-1.998315884080230092e+02
-1.998315884080230092e+02
-1.998315884080230092e+02
-1.998315884080230092e+02
-1.998315884080230092e+02
-1.998315884080230092e+02
-1.998315884080230092e+02
-1.998315884080230092e+02
-1.998315884080230092e+02
-1.998315884080230092e+02
-1.998315884080230092e+02
-1.998315884080230092e+02
-1.998315884080230092e+02
-1.998315884080230092e+02
-1.998315884080230092e+02
-1.998315884080230092e+02
-1.998315884080230092e+02
-1.998315884080230092e+02
-1.998315884080230092e+02
-1.998315884080230092e+02
-1.998315884080230092e+02
-1.998315884080230092e+02
-1.998315884080230092e+02
-1.998315884080230092e+02
-1.998315884080230092e+02
-1.998315884080230092e+02
-1.998315884080230092e+02
-1.998315884080230092e+02
-1.998315884080230092e+02
-1.998315884080230092e+02
-1.998315884080230092e+02
-1.998315884080230092e+02
-1.998315884080230092e+02
-1.998315884080230092e+02
-1.998315884080230092e+02
-1.998315884080230092e+02
-1.998315884080230092e+02
-1.998315884080230092e+02
-1.998315884080230092e+02
-1.998315884080230092e+02
-1.998315884080230092e+02
-1.998315884080230092e+02
-1.998315884080230092e+02
-1.998315884080230092e+02
-1.998315884080230092e+02
-1.998315884080230092e+02
-1.998315884080230092e+02
-1.998315884080230092e+02
-1.998315884080230092e+02
-1.998315884080230092e+02
-1.998315884080230092e+02
-1.998315884080230092e+02
-1.998315884080230092e+02
-1.998315884080230092e+02
-1.998315884080230092e+02
-1.998315884080230092e+02
-1.998315884080230092e+02
-1.998315884080230092e+02
-1.998315884080230092e+02
-1.998315884080230092e+02
-1.998315884080230092e+02
-1.998315884080230092e+02
-1.998315884080230092e+02
-1.998315884080230092e+02
-1.998315884080230092e+02
-1.998315884080230092e+02
-1.998315884080230092e+02
-1.998315884080230092e+02
-1.998315884080230092e+02
-1.998315884080230092e+02
-1.998315884080230092e+02
-1.998315884080230092e+02
-1.998315884080230092e+02
-1.998315884080230092e+02
-1.998315884080230092e+02
-1.998315884080230092e+02
-1.998315884080230092e+02
-1.998315884080230092e+02
-1.998315884080230092e+02
-1.998315884080230092e+02
-1.998315884080230092e+02
-1.998315884080230092e+02
-1.998315884080230092e+02
-1.998315884080230092e+02
-1.998315884080230092e+02
-1.998315884080230092e+02
-1.998315884080230092e+02
-1.998315884080230092e+02
-1.998315884080230092e+02
-1.998315884080230092e+02
-1.998315884080230092e+02
-1.998315884080230092e+02
-1.998315884080230092e+02
-1.998315884080230092e+02
-1.998315884080230092e+02
-1.998315884080230092e+02
-1.998315884080230092e+02
-1.998315884080230092e+02
-1.998315884080230092e+02
-1.998315884080230092e+02
-1.998315884080230092e+02
-1.998315884080230092e+02
-1.998315884080230092e+02
-1.998315884080230092e+02
-1.998315884080230092e+02
-1.998315884080230092e+02
-1.998315884080230092e+02
-1.998315884080230092e+02
-1.998315884080230092e+02
-1.998315884080230092e+02
-1.998315884080230092e+02
-1.998315884080230092e+02
-1.998315884080230092e+02
-1.998315884080230092e+02
-1.998315884080230092e+02
-1.998315884080230092e+02
-1.998315884080230092e+02
-1.998315884080230092e+02
-1.998315884080230092e+02
-1.998315884080230092e+02
-1.998315884080230092e+02
-1.998315884080230092e+02
-1.998315884080230092e+02
-1.998315884080230092e+02
-1.998315884080230092e+02
-1.998315884080230092e+02
-1.998315884080230092e+02
-1.998315884080230092e+02
-1.998315884080230092e+02
-1.998315884080230092e+02
-1.998315884080230092e+02
-1.998315884080230092e+02
-1.998315884080230092e+02
-1.998315884080230092e+02
-1.998315884080230092e+02
-1.998315884080230092e+02
-1.998315884080230092e+02
-1.998315884080230092e+02
-1.998315884080230092e+02
-1.998315884080230092e+02
-1.998315884080230092e+02
-1.998315884080230092e+02
-1.998315884080230092e+02
-1.998315884080230092e+02
-1.998315884080230092e+02
-1.998315884080230092e+02
-1.998315884080230092e+02
-1.998315884080230092e+02
-1.998315884080230092e+02
-1.998315884080230092e+02
-1.998315884080230092e+02
-1.998315884080230092e+02
-1.998315884080230092e+02
-1.998315884080230092e+02
-1.998315884080230092e+02
-1.998315884080230092e+02
-1.998315884080230092e+02
-1.998315884080230092e+02
-1.998315884080230092e+02
-1.998315884080230092e+02
-1.998315884080230092e+02
-1.998315884080230092e+02
-1.998315884080230092e+02
-1.998315884080230092e+02
-1.998315884080230092e+02
-1.998315884080230092e+02
-1.998315884080230092e+02
-1.998315884080230092e+02
-1.998315884080230092e+02
-1.998315884080230092e+02
-1.998315884080230092e+02
-1.998315884080230092e+02
-1.998315884080230092e+02
-1.998315884080230092e+02
-1.998315884080230092e+02
-1.998315884080230092e+02
-1.998315884080230092e+02
-1.998315884080230092e+02
-1.998315884080230092e+02
-1.998315884080230092e+02
-1.998315884080230092e+02
-1.998315884080230092e+02
-1.998315884080230092e+02
-1.998315884080230092e+02
-1.998315884080230092e+02
-1.998315884080230092e+02
-1.998315884080230092e+02
-1.998315884080230092e+02
-1.998315884080230092e+02
-1.998315884080230092e+02
-1.998315884080230092e+02
-1.998315884080230092e+02
-1.998315884080230092e+02
-1.998315884080230092e+02
-1.998315884080230092e+02
-1.998315884080230092e+02
-1.998315884080230092e+02
-1.998315884080230092e+02
-1.998315884080230092e+02
-1.998315884080230092e+02
-1.998315884080230092e+02
-1.998315884080230092e+02
-1.998315884080230092e+02
-1.998315884080230092e+02
-1.998315884080230092e+02
-1.998315884080230092e+02
-1.998315884080230092e+02
-1.998315884080230092e+02
-1.998315884080230092e+02
-1.998315884080230092e+02
-1.998315884080230092e+02
-1.998315884080230092e+02
-1.998315884080230092e+02
-1.998315884080230092e+02
-1.998315884080230092e+02
-1.998315884080230092e+02
-1.998315884080230092e+02
-1.998315884080230092e+02
-1.998315884080230092e+02
-1.998315884080230092e+02
-1.998315884080230092e+02
-1.998315884080230092e+02
-1.998315884080230092e+02
-1.998315884080230092e+02
-1.998315884080230092e+02
-1.998315884080230092e+02
-1.998315884080230092e+02
-1.998315884080230092e+02
-1.998315884080230092e+02
-1.998315884080230092e+02
-1.998315884080230092e+02
-1.998315884080230092e+02
-1.998315884080230092e+02
-1.998315884080230092e+02
-1.998315884080230092e+02
-1.998315884080230092e+02
-1.998315884080230092e+02
-1.998315884080230092e+02
-1.998315884080230092e+02
-1.998315884080230092e+02
-1.998315884080230092e+02
-1.998315884080230092e+02
-1.998315884080230092e+02
-1.998315884080230092e+02
-1.998315884080230092e+02
-1.998315884080230092e+02
-1.998315884080230092e+02
-1.998315884080230092e+02
-1.998315884080230092e+02
-1.998315884080230092e+02
-1.998315884080230092e+02
-1.998315884080230092e+02
-1.998315884080230092e+02
-1.998315884080230092e+02
-1.998315884080230092e+02
-1.998315884080230092e+02
-1.998315884080230092e+02
-1.998315884080230092e+02
-1.998315884080230092e+02
-1.998315884080230092e+02
-1.998315884080230092e+02
-1.998315884080230092e+02
-1.998315884080230092e+02
-1.998315884080230092e+02
-1.998315884080230092e+02
-1.998315884080230092e+02
-1.998315884080230092e+02
-1.998315884080230092e+02
-1.998315884080230092e+02
-1.998315884080230092e+02
-1.998315884080230092e+02
-1.998315884080230092e+02
-1.998315884080230092e+02
-1.998315884080230092e+02
-1.998315884080230092e+02
-1.998315884080230092e+02
-1.998315884080230092e+02
-1.998315884080230092e+02
-1.998315884080230092e+02
-1.998315884080230092e+02
-1.998315884080230092e+02
-1.998315884080230092e+02
-1.998315884080230092e+02
-1.998315884080230092e+02
-1.998315884080230092e+02
-1.998315884080230092e+02
-1.998315884080230092e+02
-1.998315884080230092e+02
-1.998315884080230092e+02
-1.998315884080230092e+02
-1.998315884080230092e+02
-1.998315884080230092e+02
-1.998315884080230092e+02
-1.998315884080230092e+02
-1.998315884080230092e+02
-1.998315884080230092e+02
-1.998315884080230092e+02
-1.998315884080230092e+02
-1.998315884080230092e+02
-1.998315884080230092e+02
-1.998315884080230092e+02
-1.998315884080230092e+02
-1.998315884080230092e+02
-1.998315884080230092e+02
-1.998315884080230092e+02
-1.998315884080230092e+02
-1.998315884080230092e+02
-1.998315884080230092e+02
-1.998315884080230092e+02
-1.998315884080230092e+02
-1.998315884080230092e+02
-1.998315884080230092e+02
-1.998315884080230092e+02
-1.998315884080230092e+02
-1.998315884080230092e+02
-1.998315884080230092e+02
-1.998315884080230092e+02
-1.998315884080230092e+02
-1.998315884080230092e+02
-1.998315884080230092e+02
-1.998315884080230092e+02
-1.998315884080230092e+02
-1.998315884080230092e+02
-1.998315884080230092e+02
-1.998315884080230092e+02
-1.998315884080230092e+02
-1.998315884080230092e+02
-1.998315884080230092e+02
-1.998315884080230092e+02
-1.998315884080230092e+02
-1.998315884080230092e+02
-1.998315884080230092e+02
-1.998315884080230092e+02
-1.998315884080230092e+02
-1.998315884080230092e+02
-1.998315884080230092e+02
-1.998315884080230092e+02
-1.998315884080230092e+02
-1.998315884080230092e+02
-1.998315884080230092e+02
-1.998315884080230092e+02
-1.998315884080230092e+02
-1.998315884080230092e+02
-1.998315884080230092e+02
-1.998315884080230092e+02
-1.998315884080230092e+02
-1.998315884080230092e+02
-1.998315884080230092e+02
-1.998315884080230092e+02
-1.998315884080230092e+02
-1.998315884080230092e+02
-1.998315884080230092e+02
-1.998315884080230092e+02
-1.998315884080230092e+02
-1.998315884080230092e+02
-1.998315884080230092e+02
-1.998315884080230092e+02
-1.998315884080230092e+02
-1.998315884080230092e+02
-1.998315884080230092e+02
-1.998315884080230092e+02
-1.998315884080230092e+02
-1.998315884080230092e+02
-1.998315884080230092e+02
-1.998315884080230092e+02
-1.998315884080230092e+02
-1.998315884080230092e+02
-1.998315884080230092e+02
-1.998315884080230092e+02
-1.998315884080230092e+02
-1.998315884080230092e+02
-1.998315884080230092e+02
-1.998315884080230092e+02
-1.998315884080230092e+02
-1.998315884080230092e+02
-1.998315884080230092e+02
-1.998315884080230092e+02
-1.998315884080230092e+02
-1.998315884080230092e+02
-1.998315884080230092e+02
-1.998315884080230092e+02
-1.998315884080230092e+02
-1.998315884080230092e+02
-1.998315884080230092e+02
-1.998315884080230092e+02
-1.998315884080230092e+02
-1.998315884080230092e+02
-1.998315884080230092e+02
-1.998315884080230092e+02
-1.998315884080230092e+02
-1.998315884080230092e+02
-1.998315884080230092e+02
-1.998315884080230092e+02
-1.998315884080230092e+02
-1.998315884080230092e+02
-1.998315884080230092e+02
-1.998315884080230092e+02
-1.998315884080230092e+02
-1.998315884080230092e+02
-1.998315884080230092e+02
-1.993870305693525609e+02
-2.047217524757832052e+02
-2.138352697069414887e+02
-2.229487690394234960e+02
-2.320622544507128282e+02
-2.409534768526014261e+02
-2.498446897085492537e+02
-2.587359164856897564e+02
-2.676271388875783828e+02
-2.760738217472410838e+02
-2.807417068956660842e+02
-2.807417068956660842e+02
-2.807417068956660842e+02
-2.807417068956660842e+02
-2.807417068956660842e+02
-2.807417068956660842e+02
-2.807417068956660842e+02
-2.807417068956660842e+02
-2.807417068956660842e+02
-2.807417068956660842e+02
-2.807417068956660842e+02
-2.807417068956660842e+02
-2.807417068956660842e+02
-2.807417068956660842e+02
-2.807417068956660842e+02
-2.807417068956660842e+02
-2.807417068956660842e+02
-2.807417068956660842e+02
-2.807417068956660842e+02
-2.807417068956660842e+02
-2.807417068956660842e+02
-2.807417068956660842e+02
-2.807417068956660842e+02
-2.807417068956660842e+02
-2.807417068956660842e+02
-2.807417068956660842e+02
-2.807417068956660842e+02
-2.807417068956660842e+02
-2.807417068956660842e+02
-2.807417068956660842e+02
-2.807417068956660842e+02
-2.840759085843707226e+02
-2.927448023483789257e+02
-3.020805169604582829e+02
-3.089711551071645204e+02
-3.100825393624202775e+02
-3.100825393624202775e+02
-3.100825393624202775e+02
-3.100825393624202775e+02
-3.100825393624202775e+02
-3.100825393624202775e+02
-3.100825393624202775e+02
-3.100825393624202775e+02
-3.100825393624202775e+02
-3.100825393624202775e+02
-3.100825393624202775e+02
-3.100825393624202775e+02
-3.100825393624202775e+02
-3.151950320681420976e+02
-3.238640407815619824e+02
-3.331998957989567884e+02
-3.420911798519553599e+02
-3.512047531657749460e+02
-3.598737614814450581e+02
-3.665422288964415998e+02
-3.678759215043913855e+02
-3.678759215043913855e+02
-3.678759215043913855e+02
-3.678759215043913855e+02
-3.678759215043913855e+02
-3.678759215043913855e+02
-3.678759215043913855e+02
-3.678759215043913855e+02
-3.678759215043913855e+02
-3.678759215043913855e+02
-3.678759215043913855e+02
-3.678759215043913855e+02
-3.678759215043913855e+02
-3.678759215043913855e+02
-3.678759215043913855e+02
-3.678759215043913855e+02
-3.683204857070413141e+02
-3.747666702252133177e+02
-3.838802288223037067e+02
-3.914378202673524925e+02
-3.936606329278665726e+02
-3.936606329278665726e+02
-3.936606329278665726e+02
-3.936606329278665726e+02
-3.936606329278665726e+02
-3.936606329278665726e+02
-3.936606329278665726e+02
-3.936606329278665726e+02
-3.936606329278665726e+02
-3.936606329278665726e+02
-3.936606329278665726e+02
-3.936606329278665726e+02
-3.936606329278665726e+02
-3.936606329278665726e+02
-3.936606329278665726e+02
-3.936606329278665726e+02
-3.936606329278665726e+02
-3.949943255358163583e+02
-4.021073547669641357e+02
-4.114432097843589418e+02
-4.203344938373575133e+02
-4.292257846521023907e+02
-4.381170758645969840e+02
-4.470083627018440211e+02
-4.558996535165888986e+02
-4.650132300124067797e+02
-4.739045208271516572e+02
-4.825735327225698370e+02
-4.870191747490691228e+02
-4.872414572481438881e+02
-4.872414572481438881e+02
-4.872414572481438881e+02
-4.872414572481438881e+02
-4.872414572481438881e+02
-4.872414572481438881e+02
-4.872414572481438881e+02
-4.872414572481438881e+02
-4.872414572481438881e+02
-4.876860178710500691e+02
-4.941321988094740050e+02
-5.008006554852362910e+02
-5.023566313877603875e+02
-5.021343492864354516e+02
-5.021343492864354516e+02
-5.021343492864354516e+02
-5.021343492864354516e+02
-5.021343492864354516e+02
-5.021343492864354516e+02
-5.021343492864354516e+02
-5.021343492864354516e+02
-5.021343492864354516e+02
-5.021343492864354516e+02
-5.021343492864354516e+02
-5.021343492864354516e+02
-5.021343492864354516e+02
-5.021343492864354516e+02
-5.021343492864354516e+02
-5.021343492864354516e+02
-5.019120683783584127e+02
-4.970218848209199791e+02
-4.883529007679654228e+02
-4.790170632515483362e+02
-4.703480780053458261e+02
-4.612345273632412272e+02
-4.527878047286441188e+02
-4.434519640302287371e+02
-4.345606855457172628e+02
-4.270030913164200115e+02
-4.245579878040956032e+02
-4.245579878040956032e+02
-4.245579878040956032e+02
-4.245579878040956032e+02
-4.245579878040956032e+02
-4.245579878040956032e+02
-4.245579878040956032e+02
-4.245579878040956032e+02
-4.247802691099209937e+02
-4.312264528325934521e+02
-4.383394900187369672e+02
-4.401177488180855448e+02
-4.401177488180855448e+02
-4.401177488180855448e+02
-4.401177488180855448e+02
-4.401177488180855448e+02
-4.401177488180855448e+02
-4.401177488180855448e+02
-4.401177488180855448e+02
-4.416737251183594140e+02
-4.487867599180041793e+02
-4.556775142073231564e+02
-4.574557730066717909e+02
-4.572334909053468550e+02
-4.572334909053468550e+02
-4.572334909053468550e+02
-4.572334909053468550e+02
-4.572334909053468550e+02
-4.572334909053468550e+02
-4.572334909053468550e+02
-4.572334909053468550e+02
-4.572334909053468550e+02
-4.576780551079967836e+02
-4.641242193409496508e+02
-4.701258372699729762e+02
-4.703481189735481394e+02
-4.703481189735481394e+02
-4.703481189735481394e+02
-4.703481189735481394e+02
-4.703481189735481394e+02
-4.703481189735481394e+02
-4.703481189735481394e+02
-4.703481189735481394e+02
-4.727932220881227749e+02
-4.807953745538302428e+02
-4.867969964603515223e+02
-4.872415614585009962e+02
-4.872415614585009962e+02
-4.872415614585009962e+02
-4.872415614585009962e+02
-4.872415614585009962e+02
-4.872415614585009962e+02
-4.872415614585009962e+02
-4.872415614585009962e+02
-4.872415614585009962e+02
-4.872415614585009962e+02
-4.872415614585009962e+02
-4.872415614585009962e+02
-4.872415614585009962e+02
-4.872415614585009962e+02
-4.872415614585009962e+02
-4.872415614585009962e+02
-4.872415614585009962e+02
-4.872415614585009962e+02
-4.885752552597001568e+02
-4.952437234701962439e+02
-4.988002414666432855e+02
-4.988002414666432855e+02
-4.988002414666432855e+02
-4.988002414666432855e+02
-4.988002414666432855e+02
-4.988002414666432855e+02
-4.988002414666432855e+02
-4.988002414666432855e+02
-4.988002414666432855e+02
-4.988002414666432855e+02
-4.988002414666432855e+02
-4.988002414666432855e+02
-4.988002414666432855e+02
-4.988002414666432855e+02
-4.988002414666432855e+02
-4.988002414666432855e+02
-4.988002414666432855e+02
-4.988002414666432855e+02
-4.988002414666432855e+02
-4.988002414666432855e+02
-4.988002414666432855e+02
-4.988002414666432855e+02
-4.988002414666432855e+02
-4.988002414666432855e+02
-4.988002414666432855e+02
-4.988002414666432855e+02
-4.988002414666432855e+02
-4.988002414666432855e+02
-4.988002414666432855e+02
-4.988002414666432855e+02
-4.988002414666432855e+02
-4.988002414666432855e+02
-4.988002414666432855e+02
-4.988002414666432855e+02
-4.988002414666432855e+02
-4.988002414666432855e+02
-4.988002414666432855e+02
-4.988002414666432855e+02
-4.992448064647928163e+02
-5.043572959885162845e+02
-5.065801205815139383e+02
-5.065801205815139383e+02
-5.065801205815139383e+02
-5.065801205815139383e+02
-5.065801205815139383e+02
-5.065801205815139383e+02
-5.065801205815139383e+02
-5.065801205815139383e+02
-5.065801205815139383e+02
-5.065801205815139383e+02
-5.065801205815139383e+02
-5.065801205815139383e+02
-5.065801205815139383e+02
-5.065801205815139383e+02
-5.065801205815139383e+02
-5.065801205815139383e+02
-5.065801205815139383e+02
-5.065801205815139383e+02
-5.065801205815139383e+02
-5.065801205815139383e+02
-5.065801205815139383e+02
-5.065801205815139383e+02
-5.052464279735641526e+02
-4.985779732865507867e+02
-4.950214596653513581e+02
-4.950214596653513581e+02
-4.950214596653513581e+02
-4.950214596653513581e+02
-4.950214596653513581e+02
-4.950214596653513581e+02
-4.950214596653513581e+02
-4.950214596653513581e+02
-4.950214596653513581e+02
-4.950214596653513581e+02
-4.950214596653513581e+02
-4.950214596653513581e+02
-4.950214596653513581e+02
-4.950214596653513581e+02
-4.950214596653513581e+02
-4.950214596653513581e+02
-4.950214596653513581e+02
-4.950214596653513581e+02
-4.950214596653513581e+02
-4.972442747123612889e+02
-5.030236009940747977e+02
-5.048018494519389492e+02
-5.048018494519389492e+02
-5.048018494519389492e+02
-5.048018494519389492e+02
-5.048018494519389492e+02
-5.048018494519389492e+02
-5.048018494519389492e+02
-5.048018494519389492e+02
-5.048018494519389492e+02
-5.048018494519389492e+02
-5.048018494519389492e+02
-5.048018494519389492e+02
-5.048018494519389492e+02
-5.012453346374902026e+02
-4.972442536316426072e+02
-4.967996890312429059e+02
-4.967996890312429059e+02
-4.967996890312429059e+02
-4.967996890312429059e+02
-4.967996890312429059e+02
-4.967996890312429059e+02
-4.967996890312429059e+02
-4.967996890312429059e+02
-4.967996890312429059e+02
-4.967996890312429059e+02
-4.967996890312429059e+02
-4.967996890312429059e+02
-4.967996890312429059e+02
-4.967996890312429059e+02
-4.967996890312429059e+02
-4.967996890312429059e+02
-4.967996890312429059e+02
-4.967996890312429059e+02
-4.963551248285929773e+02
-5.016898996356397333e+02
-5.074692402363355086e+02
-5.081360861425606004e+02
-5.081360861425606004e+02
-5.081360861425606004e+02
-5.081360861425606004e+02
-5.081360861425606004e+02
-5.081360861425606004e+02
-5.081360861425606004e+02
-5.081360861425606004e+02
-5.081360861425606004e+02
-5.081360861425606004e+02
-5.081360861425606004e+02
-5.081360861425606004e+02
-5.081360861425606004e+02
-5.081360861425606004e+02
-5.081360861425606004e+02
-5.081360861425606004e+02
-5.081360861425606004e+02
-5.081360861425606004e+02
-5.081360861425606004e+02
-5.074692398385857359e+02
-5.036904385475643835e+02
-5.019121797482158058e+02
-5.019121797482158058e+02
-5.019121797482158058e+02
-5.019121797482158058e+02
-5.019121797482158058e+02
-5.019121797482158058e+02
-5.019121797482158058e+02
-5.019121797482158058e+02
-5.019121797482158058e+02
-5.019121797482158058e+02
-5.019121797482158058e+02
-5.019121797482158058e+02
-5.019121797482158058e+02
-5.019121797482158058e+02
-5.019121797482158058e+02
-5.019121797482158058e+02
-5.019121797482158058e+02
-5.019121797482158058e+02
-5.019121797482158058e+02
-5.019121797482158058e+02
-5.019121797482158058e+02
-5.019121797482158058e+02
-5.019121797482158058e+02
-5.019121797482158058e+02
-5.019121797482158058e+02
-5.019121797482158058e+02
-5.019121797482158058e+02
-5.019121797482158058e+02
-4.970219659618206833e+02
-4.925763159803257167e+02
-4.921317509821762428e+02
-4.921317509821762428e+02
-4.921317509821762428e+02
-4.921317509821762428e+02
-4.921317509821762428e+02
-4.921317509821762428e+02
-4.921317509821762428e+02
-4.921317509821762428e+02
-4.921317509821762428e+02
-4.921317509821762428e+02
-4.921317509821762428e+02
-4.941322898941009498e+02
-5.025790013917140300e+02
-5.092474715909590373e+02
-5.110257311858072171e+02
-5.110257311858072171e+02
-5.110257311858072171e+02
-5.110257311858072171e+02
-5.110257311858072171e+02
-5.110257311858072171e+02
-5.110257311858072171e+02
-5.110257311858072171e+02
-5.110257311858072171e+02
-5.110257311858072171e+02
-5.110257311858072171e+02
-5.076914964839344862e+02
-5.036904174668358110e+02
-5.030235703673614012e+02
-5.030235703673614012e+02
-5.030235703673614012e+02
-5.030235703673614012e+02
-5.030235703673614012e+02
-5.030235703673614012e+02
-5.030235703673614012e+02
-5.030235703673614012e+02
-5.030235703673614012e+02
-5.030235703673614012e+02
-5.030235703673614012e+02
-5.030235703673614012e+02
-5.030235703673614012e+02
-5.021344419620615440e+02
-4.976887987423129402e+02
-4.954659777290632974e+02
-4.954659777290632974e+02
-4.954659777290632974e+02
-4.954659777290632974e+02
-4.954659777290632974e+02
-4.954659777290632974e+02
-4.954659777290632974e+02
-4.954659777290632974e+02
-4.954659777290632974e+02
-4.954659777290632974e+02
-4.959105419317132259e+02
-5.012453063972726568e+02
-5.034681238307784952e+02
-5.034681238307784952e+02
-5.034681238307784952e+02
-5.034681238307784952e+02
-5.034681238307784952e+02
-5.034681238307784952e+02
-5.034681238307784952e+02
-5.034681238307784952e+02
-5.034681238307784952e+02
-5.034681238307784952e+02
-5.034681238307784952e+02
-5.034681238307784952e+02
-5.034681238307784952e+02
-5.030235596281285666e+02
-5.030235596281285666e+02
-5.030235596281285666e+02
-5.030235596281285666e+02
-5.030235596281285666e+02
-5.030235596281285666e+02
-5.030235596281285666e+02
-5.030235596281285666e+02
-5.030235596281285666e+02
-5.030235596281285666e+02
-5.030235596281285666e+02
-5.030235596281285666e+02
-5.030235596281285666e+02
-5.030235596281285666e+02
-5.030235596281285666e+02
-5.030235596281285666e+02
-5.030235596281285666e+02
-5.030235596281285666e+02
-5.030235596281285666e+02
-5.030235596281285666e+02
-5.030235596281285666e+02
-5.030235596281285666e+02
-5.030235596281285666e+02
-5.030235596281285666e+02
-5.030235596281285666e+02
-5.030235596281285666e+02
-5.030235596281285666e+02
-5.030235596281285666e+02
-5.030235596281285666e+02
-5.030235596281285666e+02
-5.030235596281285666e+02
-5.030235596281285666e+02
-5.030235596281285666e+02
-5.030235596281285666e+02
-5.030235596281285666e+02
-5.030235596281285666e+02
-5.030235596281285666e+02
-5.030235596281285666e+02
-5.030235596281285666e+02
-5.030235596281285666e+02
-5.030235596281285666e+02
-5.030235596281285666e+02
-5.030235596281285666e+02
-5.030235596281285666e+02
-5.030235596281285666e+02
-5.021344312228287095e+02
-4.967996595977802485e+02
-4.932431495563246244e+02
-4.932431495563246244e+02
-4.932431495563246244e+02
-4.932431495563246244e+02
-4.932431495563246244e+02
-4.932431495563246244e+02
-4.932431495563246244e+02
-4.932431495563246244e+02
-4.932431495563246244e+02
-4.932431495563246244e+02
-4.932431495563246244e+02
-4.932431495563246244e+02
-4.932431495563246244e+02
-4.932431495563246244e+02
-4.932431495563246244e+02
-4.932431495563246244e+02
-4.932431495563246244e+02
-4.932431495563246244e+02
-4.932431495563246244e+02
-4.932431495563246244e+02
-4.932431495563246244e+02
-4.967996595977802485e+02
-5.021344216768438287e+02
-5.030235500821436858e+02
-5.030235500821436858e+02
-5.030235500821436858e+02
-5.030235500821436858e+02
-5.030235500821436858e+02
-5.030235500821436858e+02
-5.030235500821436858e+02
-5.030235500821436858e+02
-5.030235500821436858e+02
-5.030235500821436858e+02
-5.030235500821436858e+02
-5.030235500821436858e+02
-5.030235500821436858e+02
-5.030235500821436858e+02
-5.030235500821436858e+02
-5.030235500821436858e+02
-5.030235500821436858e+02
-5.030235500821436858e+02
-5.030235500821436858e+02
-5.016898610539377046e+02
-4.981333474327382760e+02
-4.972442226071822233e+02
-4.972442226071822233e+02
-4.972442226071822233e+02
-4.972442226071822233e+02
-4.972442226071822233e+02
-4.972442226071822233e+02
-4.972442226071822233e+02
-4.972442226071822233e+02
-4.972442226071822233e+02
-4.972442226071822233e+02
-4.972442226071822233e+02
-4.972442226071822233e+02
-4.963550942018823662e+02
-4.910203237700832233e+02
-4.874638081601348745e+02
-4.874638081601348745e+02
-4.874638081601348745e+02
-4.874638081601348745e+02
-4.874638081601348745e+02
-4.874638081601348745e+02
-4.874638081601348745e+02
-4.874638081601348745e+02
-4.874638081601348745e+02
-4.874638081601348745e+02
-4.874638081601348745e+02
-4.874638081601348745e+02
-4.874638081601348745e+02
-4.874638081601348745e+02
-4.874638081601348745e+02
-4.885752206555085877e+02
-4.936877141567299532e+02
-4.954659709673296675e+02
-4.954659709673296675e+02
-4.954659709673296675e+02
-4.954659709673296675e+02
-4.954659709673296675e+02
-4.954659709673296675e+02
-4.954659709673296675e+02
-4.954659709673296675e+02
-4.954659709673296675e+02
-4.954659709673296675e+02
-4.954659709673296675e+02
-4.954659709673296675e+02
-4.954659709673296675e+02
-4.954659709673296675e+02
-4.954659709673296675e+02
-4.954659709673296675e+02
-4.954659709673296675e+02
-4.954659709673296675e+02
-4.954659709673296675e+02
-4.954659709673296675e+02
-4.954659709673296675e+02
-4.970219313576434388e+02
-4.992447384496720133e+02
-4.996893002658260912e+02
-4.996893002658260912e+02
-4.996893002658260912e+02
-4.996893002658260912e+02
-4.996893002658260912e+02
-4.996893002658260912e+02
-4.996893002658260912e+02
-4.996893002658260912e+02
-4.996893002658260912e+02
-4.996893002658260912e+02
-4.996893002658260912e+02
-4.996893002658260912e+02
-4.996893002658260912e+02
-4.996893002658260912e+02
-4.996893002658260912e+02
-4.996893002658260912e+02
-4.996893002658260912e+02
-4.996893002658260912e+02
-4.996893002658260912e+02
-4.996893002658260912e+02
-4.996893002658260912e+02
-4.996893002658260912e+02
-4.996893002658260912e+02
-4.996893002658260912e+02
-4.996893002658260912e+02
-4.996893002658260912e+02
-4.996893002658260912e+02
-4.996893002658260912e+02
-4.996893002658260912e+02
-4.996893002658260912e+02
-4.996893002658260912e+02
-4.996893002658260912e+02
-4.996893002658260912e+02
-4.996893002658260912e+02
-4.996893002658260912e+02
-4.996893002658260912e+02
-4.996893002658260912e+02
-4.996893002658260912e+02
-4.996893002658260912e+02
-4.996893002658260912e+02
-4.996893002658260912e+02
-4.996893002658260912e+02
-4.996893002658260912e+02
-4.996893002658260912e+02
-4.996893002658260912e+02
-4.996893002658260912e+02
-4.996893002658260912e+02
-4.996893002658260912e+02
-4.996893002658260912e+02
-4.996893002658260912e+02
-4.996893002658260912e+02
-4.996893002658260912e+02
-4.996893002658260912e+02
-4.996893002658260912e+02
-4.996893002658260912e+02
-4.996893002658260912e+02
-4.996893002658260912e+02
-4.996893002658260912e+02
-4.996893002658260912e+02
-4.996893002658260912e+02
-4.996893002658260912e+02
-4.996893002658260912e+02
-4.996893002658260912e+02
-4.996893002658260912e+02
-4.996893002658260912e+02
-4.996893002658260912e+02
-4.996893002658260912e+02
-4.996893002658260912e+02
-4.996893002658260912e+02
-4.996893002658260912e+02
-4.996893002658260912e+02
-4.996893002658260912e+02
-4.996893002658260912e+02
-4.996893002658260912e+02
-4.996893002658260912e+02
-4.996893002658260912e+02
-4.996893002658260912e+02
-4.996893002658260912e+02
-4.996893002658260912e+02
-4.996893002658260912e+02
-4.996893002658260912e+02
-4.996893002658260912e+02
-4.996893002658260912e+02
-4.996893002658260912e+02
-4.996893002658260912e+02
-4.996893002658260912e+02
-4.996893002658260912e+02
-4.996893002658260912e+02
-4.996893002658260912e+02
-4.996893002658260912e+02
-4.996893002658260912e+02
-4.996893002658260912e+02
-4.996893002658260912e+02
-4.996893002658260912e+02
-4.996893002658260912e+02
-4.996893002658260912e+02
-4.996893002658260912e+02
-4.996893002658260912e+02
-4.996893002658260912e+02
-4.996893002658260912e+02
-4.996893002658260912e+02
-4.996893002658260912e+02
-4.996893002658260912e+02
-4.996893002658260912e+02
-4.996893002658260912e+02
-4.996893002658260912e+02
-4.996893002658260912e+02
-4.996893002658260912e+02
-4.996893002658260912e+02
-4.996893002658260912e+02
-4.996893002658260912e+02
-4.996893002658260912e+02
-4.996893002658260912e+02
-4.996893002658260912e+02
-4.996893002658260912e+02
-4.996893002658260912e+02
-4.996893002658260912e+02
-4.996893002658260912e+02
-4.996893002658260912e+02
-4.996893002658260912e+02
-4.996893002658260912e+02
-4.996893002658260912e+02
-4.996893002658260912e+02
-4.996893002658260912e+02
-4.996893002658260912e+02
-4.996893002658260912e+02
-4.996893002658260912e+02
-4.996893002658260912e+02
-4.996893002658260912e+02
-4.996893002658260912e+02
-4.996893002658260912e+02
-4.996893002658260912e+02
-4.996893002658260912e+02
-4.996893002658260912e+02
-4.996893002658260912e+02
-4.996893002658260912e+02
-4.996893002658260912e+02
-4.996893002658260912e+02
-4.996893002658260912e+02
-4.996893002658260912e+02
-4.996893002658260912e+02
-4.996893002658260912e+02
-4.996893002658260912e+02
-4.996893002658260912e+02
-4.996893002658260912e+02
-4.996893002658260912e+02
-4.996893002658260912e+02
-4.996893002658260912e+02
-4.996893002658260912e+02
-4.996893002658260912e+02
-4.996893002658260912e+02
-4.996893002658260912e+02
-4.996893002658260912e+02
-4.996893002658260912e+02
-4.996893002658260912e+02
-4.996893002658260912e+02
-4.996893002658260912e+02
-4.996893002658260912e+02
-4.996893002658260912e+02
-4.996893002658260912e+02
-4.996893002658260912e+02
-4.996893002658260912e+02
-4.996893002658260912e+02
-4.996893002658260912e+02
-4.996893002658260912e+02
-4.996893002658260912e+02
-4.996893002658260912e+02
-4.996893002658260912e+02
-4.996893002658260912e+02
-4.996893002658260912e+02
-4.996893002658260912e+02
-4.996893002658260912e+02
-4.996893002658260912e+02
-4.996893002658260912e+02
-4.996893002658260912e+02
-4.996893002658260912e+02
-4.996893002658260912e+02
-4.996893002658260912e+02
-4.996893002658260912e+02
-4.996893002658260912e+02
-4.996893002658260912e+02
-4.996893002658260912e+02
-4.996893002658260912e+02
-4.996893002658260912e+02
-4.996893002658260912e+02
-4.996893002658260912e+02
-4.996893002658260912e+02
-4.996893002658260912e+02
-4.996893002658260912e+02
-4.996893002658260912e+02
-4.996893002658260912e+02
-4.996893002658260912e+02
-4.996893002658260912e+02
-4.996893002658260912e+02
-4.996893002658260912e+02
-4.996893002658260912e+02
-4.996893002658260912e+02
-4.996893002658260912e+02
-4.996893002658260912e+02
-4.996893002658260912e+02
-4.996893002658260912e+02
-4.996893002658260912e+02
-4.996893002658260912e+02
-4.996893002658260912e+02
-4.996893002658260912e+02
-4.996893002658260912e+02
-4.996893002658260912e+02
-4.996893002658260912e+02
-4.996893002658260912e+02
-4.996893002658260912e+02
-4.996893002658260912e+02
-4.996893002658260912e+02
-4.996893002658260912e+02
-4.996893002658260912e+02
-4.996893002658260912e+02
-4.996893002658260912e+02
-4.996893002658260912e+02
-4.996893002658260912e+02
-4.996893002658260912e+02
-4.996893002658260912e+02
-4.996893002658260912e+02
-4.996893002658260912e+02
-4.996893002658260912e+02
-4.996893002658260912e+02
-4.996893002658260912e+02
-4.996893002658260912e+02
-4.996893002658260912e+02
-4.996893002658260912e+02
-4.996893002658260912e+02
-4.996893002658260912e+02
-4.996893002658260912e+02
-4.996893002658260912e+02
-4.996893002658260912e+02
-4.996893002658260912e+02
-4.996893002658260912e+02
-4.996893002658260912e+02
-4.996893002658260912e+02
-4.996893002658260912e+02
-4.996893002658260912e+02
-4.996893002658260912e+02
-4.996893002658260912e+02
-4.996893002658260912e+02
-4.996893002658260912e+02
-4.996893002658260912e+02
-4.996893002658260912e+02
-4.996893002658260912e+02
-4.996893002658260912e+02
-4.996893002658260912e+02
-4.996893002658260912e+02
-4.996893002658260912e+02
-4.996893002658260912e+02
-4.996893002658260912e+02
-4.996893002658260912e+02
-4.996893002658260912e+02
-4.996893002658260912e+02
-4.996893002658260912e+02
-4.996893002658260912e+02
-4.996893002658260912e+02
-4.996893002658260912e+02
-4.996893002658260912e+02
-4.996893002658260912e+02
-4.996893002658260912e+02
-4.996893002658260912e+02
-4.996893002658260912e+02
-4.996893002658260912e+02
-4.996893002658260912e+02
-4.996893002658260912e+02
-4.996893002658260912e+02
-4.996893002658260912e+02
-4.996893002658260912e+02
-4.996893002658260912e+02
-4.996893002658260912e+02
-4.996893002658260912e+02
-4.996893002658260912e+02
-4.996893002658260912e+02
-4.996893002658260912e+02
-4.996893002658260912e+02
-4.996893002658260912e+02
-4.996893002658260912e+02
-4.996893002658260912e+02
-4.996893002658260912e+02
-4.996893002658260912e+02
-4.996893002658260912e+02
-4.996893002658260912e+02
-4.996893002658260912e+02
-4.996893002658260912e+02
-4.996893002658260912e+02
-4.996893002658260912e+02
-4.996893002658260912e+02
-4.996893002658260912e+02
-4.996893002658260912e+02
-4.996893002658260912e+02
-4.996893002658260912e+02
-4.996893002658260912e+02
-4.996893002658260912e+02
-4.996893002658260912e+02
-4.996893002658260912e+02
-4.996893002658260912e+02
-4.996893002658260912e+02
-4.996893002658260912e+02
-4.996893002658260912e+02
-4.996893002658260912e+02
-4.996893002658260912e+02
-4.996893002658260912e+02
-4.996893002658260912e+02
-4.996893002658260912e+02
-4.996893002658260912e+02
-4.996893002658260912e+02
-4.996893002658260912e+02
-4.996893002658260912e+02
-4.996893002658260912e+02
-4.996893002658260912e+02
-4.996893002658260912e+02
-4.996893002658260912e+02
-4.996893002658260912e+02
-4.996893002658260912e+02
-4.996893002658260912e+02
-4.996893002658260912e+02
-4.996893002658260912e+02
-4.996893002658260912e+02
-4.996893002658260912e+02
-4.996893002658260912e+02
-4.996893002658260912e+02
-4.996893002658260912e+02
-4.996893002658260912e+02
-4.996893002658260912e+02
-4.996893002658260912e+02
-4.996893002658260912e+02
-4.996893002658260912e+02
-4.996893002658260912e+02
-4.996893002658260912e+02
-4.996893002658260912e+02
-4.996893002658260912e+02
-4.996893002658260912e+02
-4.996893002658260912e+02
-4.996893002658260912e+02
-4.996893002658260912e+02
-4.996893002658260912e+02
-4.996893002658260912e+02
-4.996893002658260912e+02
-4.996893002658260912e+02
-4.996893002658260912e+02
-4.996893002658260912e+02
-4.996893002658260912e+02
-4.996893002658260912e+02
-4.996893002658260912e+02
-4.996893002658260912e+02
-4.996893002658260912e+02
-4.996893002658260912e+02
-4.996893002658260912e+02
-4.996893002658260912e+02
-4.996893002658260912e+02
-4.996893002658260912e+02
-4.996893002658260912e+02
-4.996893002658260912e+02
-4.996893002658260912e+02
-4.996893002658260912e+02
-4.996893002658260912e+02
-4.996893002658260912e+02
-4.996893002658260912e+02
-4.996893002658260912e+02
-4.996893002658260912e+02
-4.996893002658260912e+02
-4.996893002658260912e+02
-4.996893002658260912e+02
-4.996893002658260912e+02
-4.996893002658260912e+02
-4.996893002658260912e+02
-4.996893002658260912e+02
-4.996893002658260912e+02
-4.996893002658260912e+02
-4.996893002658260912e+02
-4.996893002658260912e+02
-4.996893002658260912e+02
-4.996893002658260912e+02
-4.996893002658260912e+02
-4.996893002658260912e+02
-4.996893002658260912e+02
-4.996893002658260912e+02
-4.996893002658260912e+02
-4.996893002658260912e+02
-4.996893002658260912e+02
-4.996893002658260912e+02
-4.996893002658260912e+02
-4.996893002658260912e+02
-4.996893002658260912e+02
-4.996893002658260912e+02
-4.996893002658260912e+02
-4.996893002658260912e+02
-4.996893002658260912e+02
-4.996893002658260912e+02
-4.996893002658260912e+02
-4.996893002658260912e+02
-4.996893002658260912e+02
-4.996893002658260912e+02
-4.996893002658260912e+02
-4.996893002658260912e+02
-4.996893002658260912e+02
-4.996893002658260912e+02
-4.996893002658260912e+02
-4.996893002658260912e+02
-4.996893002658260912e+02
-4.996893002658260912e+02
-4.996893002658260912e+02
-4.996893002658260912e+02
-4.996893002658260912e+02
-4.996893002658260912e+02
-4.996893002658260912e+02
-4.996893002658260912e+02
-4.996893002658260912e+02
-4.996893002658260912e+02
-4.996893002658260912e+02
-4.996893002658260912e+02
-4.996893002658260912e+02
-4.996893002658260912e+02
-4.996893002658260912e+02
-4.996893002658260912e+02
-4.996893002658260912e+02
-4.996893002658260912e+02
-4.996893002658260912e+02
-4.996893002658260912e+02
-4.996893002658260912e+02
-4.996893002658260912e+02
-4.996893002658260912e+02
-4.996893002658260912e+02
-4.996893002658260912e+02
-4.996893002658260912e+02
-4.996893002658260912e+02
-4.996893002658260912e+02
-4.996893002658260912e+02
-4.996893002658260912e+02
-4.996893002658260912e+02
-4.996893002658260912e+02
-4.996893002658260912e+02
-4.996893002658260912e+02
-4.996893002658260912e+02
-4.996893002658260912e+02
-4.996893002658260912e+02
-4.996893002658260912e+02
-4.996893002658260912e+02
-4.996893002658260912e+02
-4.996893002658260912e+02
-4.996893002658260912e+02
-4.996893002658260912e+02
-4.996893002658260912e+02
-4.996893002658260912e+02
-4.996893002658260912e+02
-4.996893002658260912e+02
-4.996893002658260912e+02
-4.996893002658260912e+02
-4.996893002658260912e+02
-4.996893002658260912e+02
-4.996893002658260912e+02
-4.996893002658260912e+02
-4.996893002658260912e+02
-4.996893002658260912e+02
-4.996893002658260912e+02
-4.996893002658260912e+02
-4.996893002658260912e+02
-4.996893002658260912e+02
-4.996893002658260912e+02
-4.996893002658260912e+02
-4.996893002658260912e+02
-4.996893002658260912e+02
-4.996893002658260912e+02
-4.996893002658260912e+02
-4.996893002658260912e+02
-4.996893002658260912e+02
-4.996893002658260912e+02
-4.996893002658260912e+02
-4.996893002658260912e+02
