0.000000000000000000e+00
6.668463039748920851e-01
6.668463039748920851e-01
6.668463039748920851e-01
6.668463039748920851e-01
6.668463039748920851e-01
6.668463039748920851e-01
6.668463039748920851e-01
6.668463039748920851e-01
6.668463039748920851e-01
6.668463039748920851e-01
6.668463039748920851e-01
6.668463039748920851e-01
6.668463039748920851e-01
6.668463039748920851e-01
6.668463039748920851e-01
6.668463039748920851e-01
6.668463039748920851e-01
6.668463039748920851e-01
6.668463039748920851e-01
-8.891311895483544614e-01
-4.445643617504116740e+00
-9.113559392592829766e+00
-1.355920141909210663e+01
-1.778256452626470718e+01
-2.267277473291177614e+01
-2.711842033915912964e+01
-3.134178384408151885e+01
-3.600971194940362352e+01
-4.067763965697594131e+01
-4.467872106057336623e+01
-4.934665234789375177e+01
-5.379230113613938613e+01
-5.823795111763437404e+01
-6.268359990588000841e+01
-6.757381289677557845e+01
-7.179717600394819499e+01
-7.602053712237187710e+01
-8.046617477363064097e+01
-8.491180248115472295e+01
-8.935743018867880494e+01
-9.380305192996323171e+01
-9.802640588889788376e+01
-1.026943133112510651e+02
-1.071399398255272217e+02
-1.115855639533075134e+02
-1.162534737621565739e+02
-1.204768169818598267e+02
-1.249224387231442535e+02
-1.293680568846848757e+02
-1.338136750462255122e+02
-1.380370146861992282e+02
-1.427049137558169036e+02
-1.471505354971013446e+02
-1.515961572383857856e+02
-1.558195016513369922e+02
-1.604874007209546676e+02
-1.649330224622391086e+02
-1.691563632954465106e+02
-1.738242623650641860e+02
-1.782698841063486270e+02
-1.827155022678892635e+02
-1.871611371349009403e+02
-1.916067612626812320e+02
-1.960523853904615237e+02
-2.007203011655502394e+02
-2.047213682501682115e+02
-2.091670015261850324e+02
-2.138349153125291195e+02
-2.185028346673630608e+02
-2.229484778871116930e+02
-2.271718401987847074e+02
-2.318397607468665740e+02
-2.360631170922999331e+02
-2.407310388336297251e+02
-2.447321190439777752e+02
-2.496223284551252561e+02
-2.540679716748738883e+02
-2.582913355775460218e+02
-2.625146966959696329e+02
-2.671826251990415244e+02
-2.718505544976129613e+02
-2.760739191957846970e+02
-2.802972819052074556e+02
-2.825200802468488632e+02
-2.834091135917549309e+02
-2.839327549895159564e+02
-2.825986379842672136e+02
-2.793369099745150947e+02
-2.756050658115282772e+02
-2.718356946480471379e+02
-2.680287760899835234e+02
-2.640295120486375140e+02
-2.601490972901787018e+02
-2.562351123119814815e+02
-2.522848811728159717e+02
-2.481353405326869108e+02
-2.442729207434119303e+02
-2.402130944367153518e+02
-2.359519460285539765e+02
-2.316568646376562413e+02
-2.276588592152265278e+02
-2.236270592148931087e+02
-2.193923794027535621e+02
-2.149554754006400401e+02
-2.106569519454575641e+02
-2.064969450443690846e+02
-2.019567576359899022e+02
-1.975602892075648356e+02
-1.931270585787217158e+02
-1.886633368193948570e+02
-1.841675178866436227e+02
-1.796434339719202171e+02
-1.750897605743458030e+02
-1.703205240735598238e+02
-1.660791044046951868e+02
-1.612478245836334736e+02
-1.565780721017663097e+02
-1.518786998106351973e+02
-1.471488244373182965e+02
-1.422027606116647291e+02
-1.376116493636660891e+02
-1.326086590545039030e+02
-1.279669830512811188e+02
-1.231038741584118270e+02
-1.180220072669010136e+02
-1.135050956927517092e+02
-1.083705383415663164e+02
-1.034105213983395970e+02
-9.842999791158766243e+01
-9.322571096417965464e+01
-8.839907181805516245e+01
-8.213523100396662358e+01
-7.726270119417779370e+01
-7.196204430193424173e+01
-6.705027557255563408e+01
-6.191101622391035164e+01
-5.923594269908938514e+01
-5.862086966143018429e+01
-5.821207525996225485e+01
-5.800946863186338476e+01
-5.821085594300998167e+01
-5.801184280895462564e+01
-5.801144561519305398e+01
-5.801164874850200448e+01
-5.801185743054166011e+01
-5.801185743054166011e+01
-5.801185743054166011e+01
-5.801116427678277176e+01
-5.800998586237501797e+01
-5.782793089827202238e+01
-5.800679749115595740e+01
-5.712254409338806482e+01
-5.430852236197417682e+01
-5.060331518796631656e+01
-4.954938083167406404e+01
-4.868115850453880711e+01
-4.868195368032575487e+01
-4.868195368032575487e+01
-4.784611741612782509e+01
-4.552903340064656845e+01
-4.171673527681123517e+01
-3.989030962396462598e+01
-3.906791423195691237e+01
-3.890456371163963212e+01
-3.874293667975884148e+01
-3.780735185562063094e+01
-3.688502675953196785e+01
-3.382206663306310190e+01
-3.105296249894805527e+01
-3.013704144150365849e+01
-2.953421125337074571e+01
-2.923965841435813573e+01
-2.880083446458631258e+01
-2.794073804938757988e+01
-2.652779350374554923e+01
-2.356671494868705352e+01
-2.087310248600100593e+01
-2.003015225170958757e+01
-1.934036715598189460e+01
-1.893172635087206146e+01
-1.839734251131092790e+01
-1.813624037297228497e+01
-1.749871643381161945e+01
-1.534500392397195867e+01
-1.267208838083094946e+01
-1.178653023920823983e+01
-1.141190853719917797e+01
-1.092571278491345410e+01
-1.044977575162140049e+01
-9.870290481002520266e+00
-8.025492044522241741e+00
-5.250937233087064726e+00
-3.387839181689933810e+00
-2.929431083604868924e+00
-2.480789742796132291e+00
-1.929908079561544421e+00
-3.091309081546706472e-01
1.961426974129034440e+00
3.259150422850533690e+00
3.577778619093568757e+00
3.994092007138343003e+00
4.095092475671574306e+00
5.076909142473662762e+00
7.026578875985045158e+00
9.591371079531906929e+00
1.129226947908557399e+01
1.198161609037558506e+01
1.275724732664880179e+01
1.313785779964756095e+01
1.378007693037570469e+01
1.532261749755071456e+01
1.752003323347331332e+01
1.862257116933999512e+01
1.897907282428269582e+01
1.924056253299576724e+01
1.924173051909136234e+01
1.956521052358171175e+01
1.979543249970583929e+01
2.054426793135291263e+01
2.194776318164405282e+01
2.374924761560350461e+01
2.456928452235712612e+01
2.493279247602233184e+01
2.542394689330328461e+01
2.667545722255751528e+01
2.821971689990744281e+01
2.870488274925278915e+01
2.890526259332121484e+01
2.916319080193346736e+01
2.990635045792326707e+01
3.132424423905091970e+01
3.290480043241155528e+01
3.453205995277510709e+01
3.525514430477019800e+01
3.551025850282639595e+01
3.569574473515614699e+01
3.592618412924198878e+01
3.676766917810200397e+01
3.800317545199045099e+01
3.944169523209823325e+01
4.099045455556274220e+01
4.158946475359259409e+01
4.205440274271879275e+01
4.302838854596049600e+01
4.442279954029748268e+01
4.512507559667257340e+01
4.534941575051782792e+01
4.550890660607581850e+01
4.622963849086752219e+01
4.741004439191452491e+01
4.873615186232363072e+01
4.948752544018601895e+01
4.974653562401563534e+01
4.999531120926565819e+01
5.056529293138240888e+01
5.117352744952839316e+01
5.175666190202782246e+01
5.271115882734508062e+01
5.349828674553009478e+01
5.372035049988271282e+01
5.393169109995543664e+01
5.445622205441393504e+01
5.533918171265520414e+01
5.637730071549217570e+01
5.723752189124395784e+01
5.757715327837756547e+01
5.777857723401346846e+01
5.832104815059005887e+01
5.921159973888040895e+01
6.018050119180590229e+01
6.096947401169440894e+01
6.129216609819167871e+01
6.168011823162411389e+01
6.261757951555395607e+01
6.337637544958922575e+01
6.380419946392608921e+01
6.426609771682254291e+01
6.452365738580833465e+01
6.498396475579320963e+01
6.576872532862846299e+01
6.673041237264412473e+01
6.714290793610334163e+01
6.731946963553292562e+01
6.741792632013923026e+01
6.744699697499778779e+01
6.776873907619511783e+01
6.837438438160704379e+01
6.907197978391486970e+01
6.978720195802333137e+01
7.015314562214204841e+01
7.029057717434545793e+01
7.052676919966037872e+01
7.079103061589383117e+01
7.135573665249644648e+01
7.186664178864437247e+01
7.196372478272411399e+01
7.209261842940797749e+01
7.235060535875359733e+01
7.281071649551213909e+01
7.325828694426452614e+01
7.340203448074677794e+01
7.347567865015491861e+01
7.360368176280030639e+01
7.375230876787979639e+01
7.400754063889368695e+01
7.436402492232026873e+01
7.476665573024980915e+01
7.496243486200096129e+01
7.501888478337571087e+01
7.508052719619402637e+01
7.513727834555200502e+01
7.529969394975765340e+01
7.551787572499723922e+01
7.578619380937678329e+01
7.610490175782871347e+01
7.626124003848080690e+01
7.629444627088342656e+01
7.635386332561026279e+01
7.648882023620603832e+01
7.670672662420624022e+01
7.697015132011154037e+01
7.710984477306730867e+01
7.716701590219101092e+01
7.718845792241489789e+01
7.721144394320585036e+01
7.726400569493733883e+01
7.734992567576041722e+01
7.746513509651374818e+01
7.763653556616363005e+01
7.784715338830450548e+01
7.799596314163449051e+01
7.803618271255747629e+01
7.805047873666296709e+01
7.810023619347028045e+01
7.819862893556107508e+01
7.833247696346732880e+01
7.851172128375179682e+01
7.860463407777230316e+01
7.862621790750574746e+01
7.865649309536267708e+01
7.872194954038891979e+01
7.883057338044156381e+01
7.897268740947353649e+01
7.905004965789028404e+01
7.907135396266156135e+01
7.908480990756901008e+01
7.911130161416456019e+01
7.916316323035675850e+01
7.925258715613793470e+01
7.938251042774135158e+01
7.950696021840090566e+01
7.954494194753250724e+01
7.954760505830816442e+01
7.955096908738242689e+01
7.953386854564070063e+01
7.952966348630610582e+01
7.956470533390604771e+01
7.965230690484303011e+01
7.969813971017062215e+01
7.970080287969169319e+01
7.969281328423481625e+01
7.967837593503341509e+01
7.968398266966488563e+01
7.973528354595629253e+01
7.975476670289138781e+01
7.975294451720156985e+01
7.973374154528295321e+01
7.970542764062362551e+01
7.970893184837480305e+01
7.972785452686902374e+01
7.972561183184578226e+01
7.972210764917589643e+01
7.965300827191757094e+01
7.957325585881203267e+01
7.951368553428991959e+01
7.949266043135870063e+01
7.948130732299939893e+01
7.946659080918554707e+01
7.944136656902027482e+01
7.936739583380119711e+01
7.928826778572890532e+01
7.919698133859016309e+01
7.909271004226000912e+01
7.895084838460255128e+01
7.876598420929367705e+01
7.868085443990787553e+01
7.864956150341564012e+01
7.868832915757735691e+01
7.860294026047284888e+01
7.864790239819586759e+01
7.864585131067235579e+01
7.864585131067235579e+01
7.864625814453894748e+01
7.864625814453894748e+01
7.864625814453894748e+01
7.864625814453894748e+01
7.864625814453894748e+01
7.864743890564032824e+01
7.864978492591755810e+01
7.864978492591755810e+01
7.864978492591755810e+01
7.864978492591755810e+01
7.807090217414480549e+01
7.669233181179880887e+01
7.541074954694303756e+01
7.480699122859076056e+01
7.449800901515448004e+01
7.439167954992235821e+01
7.416947798226399868e+01
7.383073672895483242e+01
7.199841498148551011e+01
7.016970028503673973e+01
6.959212941812849351e+01
6.923828791652435655e+01
6.923828791652435655e+01
6.911156489870798225e+01
6.821451382860041690e+01
6.576549475865027716e+01
6.383608126000598304e+01
6.318530900342410206e+01
6.292194224345492160e+01
6.278773305082323475e+01
6.278773305082323475e+01
6.179648798575306046e+01
5.894933291408504772e+01
5.625885276845389171e+01
5.526017280019787137e+01
5.497176182995779925e+01
5.497176182995779925e+01
5.466890939381086412e+01
5.283308972051653285e+01
4.931486308045543154e+01
4.703500353661907241e+01
4.611146861944176578e+01
4.579950267167091482e+01
4.532190771038953869e+01
4.292371917466722664e+01
3.925771659402634128e+01
3.781968670631597718e+01
3.717368375062843455e+01
3.700995986653469316e+01
3.667716377782961246e+01
3.516558400293171616e+01
3.162820280434921116e+01
2.927315373168385193e+01
2.842505822431640539e+01
2.739848415724465980e+01
2.550157246133128552e+01
2.463134663483319287e+01
2.410412597040283345e+01
2.356952121514829912e+01
2.249109388238384000e+01
2.085933381686685806e+01
1.866907234570166452e+01
1.556642116831976885e+01
1.391876138362333215e+01
1.299594166614998514e+01
1.169547330544755859e+01
1.075973275687208641e+01
9.441104748677176417e+00
8.108818031802432102e+00
4.487949432803356231e+00
1.438468240605678128e+00
6.711134266646933133e-01
-8.686679603058009569e-01
-1.837121055668959890e+00
-2.229521731799888773e+00
-5.370046685007737075e+00
-1.007895340822411079e+01
-1.164851478682314934e+01
-1.224119692017988825e+01
-1.303639312775979064e+01
-1.503921506820741705e+01
-1.904577022785978002e+01
-2.184862869655793816e+01
-2.325665088807856407e+01
-2.386259917346086468e+01
-2.447319955610615239e+01
-2.753442599690513148e+01
-3.243298382085921361e+01
-3.670278078737133853e+01
-3.894600913587959212e+01
-4.058211849256709769e+01
-4.181500871381199147e+01
-4.264146270954617535e+01
-4.471419121640415995e+01
-4.907383037048793284e+01
-5.383851234479932657e+01
-5.632294143582066681e+01
-5.798453036267774507e+01
-5.923563134790249052e+01
-6.258033688275277484e+01
-6.759228802128684777e+01
-7.113602397807214572e+01
-7.218044483877990558e+01
-7.322966655508278677e+01
-7.449337504570073065e+01
-7.639515746777657057e+01
-7.957365616852723633e+01
-8.444407115263130947e+01
-8.824791947454765761e+01
-8.973104815643930010e+01
-9.121732727881010305e+01
-9.292276237968832220e+01
-9.740094051428758348e+01
-1.022989264975351915e+02
-1.046409573690663422e+02
-1.057088156713884644e+02
-1.065655277712205020e+02
-1.080714916485691788e+02
-1.123766057032358390e+02
-1.175364184780858068e+02
-1.226851782946754810e+02
-1.241874822019642579e+02
-1.252636535875526960e+02
-1.261276646720332195e+02
-1.287262356963366301e+02
-1.337050500538690017e+02
-1.382431708522946963e+02
-1.399737545865605455e+02
-1.406242407854203122e+02
-1.414940374778662715e+02
-1.447609555590530022e+02
-1.510766690337669615e+02
-1.565101794745247332e+02
-1.612836911953350523e+02
-1.625867572064726687e+02
-1.636748505821056199e+02
-1.652011613404037575e+02
-1.695682598842736866e+02
-1.750200127051806476e+02
-1.782880190019439510e+02
-1.791610709232996896e+02
-1.806929789487472817e+02
-1.848510276762144997e+02
-1.903188261909274388e+02
-1.935970040781337218e+02
-1.946914532479419506e+02
-1.960077321610060039e+02
-2.001766369023735308e+02
-2.069738041280799337e+02
-2.115725857311450113e+02
-2.126684664183935070e+02
-2.139854222555588592e+02
-2.153043059459753295e+02
-2.175055776937232395e+02
-2.223499450273410218e+02
-2.276309896237520718e+02
-2.331254159262445853e+02
-2.372976346262875325e+02
-2.390556730591935093e+02
-2.405956731579961740e+02
-2.436790142687054299e+02
-2.485232632015620595e+02
-2.538023834789124180e+02
-2.562222403690713008e+02
-2.579845710664197895e+02
-2.601895818404442480e+02
-2.650401539841593603e+02
-2.676858116710243962e+02
-2.698934264235498972e+02
-2.743061573532764328e+02
-2.773959110213348822e+02
-2.796045883304184372e+02
-2.838010797231694937e+02
-2.886573559906840387e+02
-2.908661240758898998e+02
-2.917505036940991658e+02
-2.928568506443517094e+02
-2.946291823392360811e+02
-2.992816086514849871e+02
-3.048183289580386486e+02
-3.105732538990857279e+02
-3.152177795778006271e+02
-3.176509682914179393e+02
-3.185360952523980700e+02
-3.187577179067981774e+02
-3.211971962724389300e+02
-3.258554201311553697e+02
-3.313990993115972969e+02
-3.371608475615326483e+02
-3.426971659860545287e+02
-3.475650782116426285e+02
-3.491145019089125299e+02
-3.495574448543043786e+02
-3.500007252567002638e+02
-3.513323652098453067e+02
-3.557724611553163072e+02
-3.613216140974305404e+02
-3.670906208618951041e+02
-3.737424331429328959e+02
-3.792812160426731225e+02
-3.819392230663671626e+02
-3.832689405523049686e+02
-3.843778201285330738e+02
-3.859314278688481750e+02
-3.903709429559721684e+02
-3.956972964385651608e+02
-4.016866846945019915e+02
-4.056783460515379147e+02
-4.065657244933116203e+02
-4.074534993926960169e+02
-4.090079449673885961e+02
-4.112295672279589098e+02
-4.156730976808313471e+02
-4.212268603135796639e+02
-4.238926387850120250e+02
-4.252258607514111759e+02
-4.258925959538197503e+02
-4.270039868824883911e+02
-4.305604193189133753e+02
-4.356727877062729704e+02
-4.410075515089238252e+02
-4.427857821123912458e+02
-4.436748124964425415e+02
-4.447859185182275610e+02
-4.476740210536726181e+02
-4.523394118795654890e+02
-4.578942466665839675e+02
-4.632279445378435412e+02
-4.670062415376701210e+02
-4.678951075298788282e+02
-4.685615532077959529e+02
-4.696716271909173201e+02
-4.736665723585641672e+02
-4.792159425137669473e+02
-4.856561841728218951e+02
-4.914321542274792023e+02
-4.965430913257945349e+02
-4.985430067337832725e+02
-4.992094524117003971e+02
-5.012079317326358705e+02
-5.056487711808964036e+02
-5.112008667272573348e+02
-5.169767384180597674e+02
-5.225317892917762492e+02
-5.283103266359215695e+02
-5.307551932704130877e+02
-5.314218867118952403e+02
-5.329771206935445207e+02
-5.358647029488820408e+02
-5.425287024169532515e+02
-5.480834072930880438e+02
-5.534169609251109705e+02
-5.591957859622218621e+02
-5.640859350040568643e+02
-5.656418623372738921e+02
-5.660863634761619778e+02
-5.685305696346389368e+02
-5.734189004186705461e+02
-5.791969388816117998e+02
-5.847535169949245528e+02
-5.903104756153691142e+02
-5.920886925628030895e+02
-5.929777229468544419e+02
-5.943110061604857037e+02
-5.991991639451002811e+02
-6.047544547621085940e+02
-6.100883451321466282e+02
-6.158673415947197327e+02
-6.198683901177688540e+02
-6.209797390180659704e+02
-6.214242331304203617e+02
-6.240903341165429765e+02
-6.289782242565805745e+02
-6.345334898862899990e+02
-6.403116927416622275e+02
-6.458684524900913857e+02
-6.498695194421292172e+02
-6.507586218170741859e+02
-6.520920588131139084e+02
-6.549806548805420334e+02
-6.600914380650727935e+02
-6.656475011168739684e+02
-6.703151339627454490e+02
-6.716486865654205758e+02
-6.718709375981533185e+02
-6.716489850861020159e+02
-6.689863971706330403e+02
-6.656660427818152357e+02
-6.625760857030014677e+02
-6.614745743094938462e+02
-6.643293951361113159e+02
-6.698225290563755152e+02
-6.753222758886701058e+02
-6.775235670638678585e+02
-6.762059591744595082e+02
-6.731419587651691927e+02
-6.729221645651846302e+02
-6.766213719860288620e+02
-6.818494860645871540e+02
-6.873041725087686018e+02
-6.927686458668976002e+02
-6.982400350055380613e+02
-7.037205743406467491e+02
-7.092108734440234912e+02
-7.149285270619864150e+02
-7.204334453945101586e+02
-7.259454663272364314e+02
-7.314637722763071679e+02
-7.372078491633694739e+02
-7.427373059094131804e+02
-7.482717090155758797e+02
-7.538110390336474893e+02
-7.593540571564458332e+02
-7.651225718094748345e+02
-7.704501644823167226e+02
-7.757801679410839597e+02
-7.815565658903196891e+02
-7.868898865933613251e+02
-7.928909943505219644e+02
-7.980034291617802182e+02
-8.035603798273332359e+02
-8.095613011797864829e+02
-8.151166790975509002e+02
-8.204481926947391912e+02
-8.259999021582401610e+02
-8.299961635416100307e+02
-8.311065680727963354e+02
-8.319951710591317351e+02
-8.337729416224931356e+02
-8.379955601202282196e+02
-8.435511443166450363e+02
-8.493280638977872741e+02
-8.548812609239586209e+02
-8.595442963756692052e+02
-8.608767622484723461e+02
-8.615432197249161845e+02
-8.619876450321469292e+02
-8.644326832255923136e+02
-8.693228480446508684e+02
-8.746573637865129740e+02
-8.804358107121337298e+02
-8.859908987026464047e+02
-8.915443218600843238e+02
-8.942096150583337248e+02
-8.948761914418818151e+02
-8.953206554598393723e+02
-8.970988846048519463e+02
-9.013222475352475840e+02
-9.068792252474557927e+02
-9.126581811404515747e+02
-9.179919802983158661e+02
-9.237688317466062244e+02
-9.262127184244026239e+02
-9.271016109307391844e+02
-9.275461365966751828e+02
-9.286575407835072156e+02
-9.326584889417193835e+02
-9.391045616043021482e+02
-9.448838847482301162e+02
-9.491071141680296250e+02
-9.497739582180946627e+02
-9.504407831763667218e+02
-9.508852592587311392e+02
-9.511072850743428262e+02
-9.526611290924290643e+02
-9.533263117754730729e+02
-9.559848438821738910e+02
-9.604158708381336282e+02
-9.621873263083348320e+02
-9.637361334701671467e+02
-9.639572032139531075e+02
-9.646191000494799255e+02
-9.657197650588256010e+02
-9.692388414908532468e+02
-9.738573361982216738e+02
-9.767168025188814227e+02
-9.778146906160307026e+02
-9.789109652458855635e+02
-9.795675897772305234e+02
-9.800036782541357070e+02
-9.808736777814032166e+02
-9.808737738439897385e+02
-9.819528915469500134e+02
-9.830284989462275007e+02
-9.838859221062734832e+02
-9.845248011696542108e+02
-9.860118605902658828e+02
-9.874929847088080805e+02
-9.877038266214323130e+02
-9.883322331525747586e+02
-9.883315054018935371e+02
-9.883315054018935371e+02
-9.885365827168008082e+02
-9.883333339258791739e+02
-9.885348461968911806e+02
-9.883357048122030619e+02
-9.885346618894800486e+02
-9.883380082272377649e+02
-9.885334815431167499e+02
-9.885330602716525163e+02
-9.883426018094183974e+02
-9.890931675700364849e+02
-9.894637610491002988e+02
-9.911234875726504470e+02
-9.948034351201026766e+02
-9.975688666898234942e+02
-9.984842848370969932e+02
-9.992105020683844714e+02
-9.993897896386654338e+02
-1.000451661255000658e+03
-1.003096014283349632e+03
-1.007516720211064239e+03
-1.011607466215033355e+03
-1.013207998781081528e+03
-1.013912762795296544e+03
-1.014436098682437887e+03
-1.014608441082519448e+03
-1.015285975836107468e+03
-1.017984921211098253e+03
-1.022038124340115701e+03
-1.023388003521139467e+03
-1.024223374106049505e+03
-1.024554117610483900e+03
-1.024554117610483900e+03
-1.024874550147107811e+03
-1.026139573384574078e+03
-1.028804491641045388e+03
-1.032264566775485946e+03
-1.035906354690463331e+03
-1.037010103978244842e+03
-1.037633237604174383e+03
-1.037942395321089862e+03
-1.039462304103374208e+03
-1.042795659871424732e+03
-1.046297272800599558e+03
-1.048277139171836325e+03
-1.048879553876954787e+03
-1.049326550727763561e+03
-1.049473247836312112e+03
-1.049473247836312112e+03
-1.049333299208077506e+03
-1.049743265141782103e+03
-1.050011239276248716e+03
-1.051059170186470283e+03
-1.053405024994810219e+03
-1.056688925857103413e+03
-1.060013396566183701e+03
-1.062020194660141669e+03
-1.062812326324023843e+03
-1.063203470506965232e+03
-1.063332029593129846e+03
-1.063578054332805095e+03
-1.064187498236713509e+03
-1.064544894363526964e+03
-1.064659378630663241e+03
-1.065336151297962488e+03
-1.066330586624031639e+03
-1.067745416292302252e+03
-1.069491734218612464e+03
-1.070133417016432077e+03
-1.070342628018457617e+03
-1.070650490526481917e+03
-1.071049113987123064e+03
-1.071049113987123064e+03
-1.071416626884469451e+03
-1.072958141958112037e+03
-1.075056109335947212e+03
-1.076912803288721761e+03
-1.077741524965542112e+03
-1.078101748585772611e+03
-1.078364011738284262e+03
-1.078786638277068050e+03
-1.079685926317430130e+03
-1.081227613844552025e+03
-1.083284628357132533e+03
-1.084531876770003691e+03
-1.084938118306825118e+03
-1.085253617481402671e+03
-1.085714065391243821e+03
-1.086308354091827823e+03
-1.087696239184148453e+03
-1.089391391111671510e+03
-1.090969373945860298e+03
-1.091563265095054248e+03
-1.091777234990596526e+03
-1.091986416542454890e+03
-1.092862612781462076e+03
-1.094334338659905598e+03
-1.096040891130116506e+03
-1.097083615749436149e+03
-1.097420521404736064e+03
-1.097616482493040621e+03
-1.097800756506402422e+03
-1.098518436465322338e+03
-1.099820003915861662e+03
-1.101335406997875907e+03
-1.102706143228936526e+03
-1.103387876815092568e+03
-1.103625886446340473e+03
-1.103740224799257476e+03
-1.104287503991630501e+03
-1.105425580682844156e+03
-1.106809054335568817e+03
-1.108007790289555487e+03
-1.108747542277387993e+03
-1.109132063746934818e+03
-1.109711832927790738e+03
-1.110779063927613606e+03
-1.111362506600755523e+03
-1.111710246577186126e+03
-1.112714911195192826e+03
-1.114006554135630950e+03
-1.114787675014021033e+03
-1.114987378056943498e+03
-1.115469207441741219e+03
-1.116475916592827616e+03
-1.117763129188102766e+03
-1.118681249492894040e+03
-1.119126996694555373e+03
-1.119607184045727990e+03
-1.120920228353377752e+03
-1.121973283303751487e+03
-1.122366950349314720e+03
-1.122649474567049083e+03
-1.123383824259835592e+03
-1.124498303809459458e+03
-1.125752290010791967e+03
-1.126584325948987953e+03
-1.126870548311357652e+03
-1.127006668255161230e+03
-1.127219384642879049e+03
-1.127841018788961037e+03
-1.128842572400746349e+03
-1.129915235301217081e+03
-1.131032420285748458e+03
-1.131577729231709327e+03
-1.131749469969230404e+03
-1.132384318741286052e+03
-1.133181827011943824e+03
-1.134251599846984845e+03
-1.135233074951666822e+03
-1.135539705961393565e+03
-1.135622893438753181e+03
-1.135703600828052686e+03
-1.136066131060727230e+03
-1.136856978498430408e+03
-1.137740575696479709e+03
-1.138729754795043164e+03
-1.139733428194294902e+03
-1.140788754604526957e+03
-1.141895639606959094e+03
-1.143295931047324984e+03
-1.144472424987419117e+03
-1.145232681630658135e+03
-1.144991562548439333e+03
-1.144415170575878165e+03
-1.143837815437526842e+03
-1.143382794768887152e+03
-1.143463335797191803e+03
-1.144002356931535587e+03
-1.144674634780095630e+03
-1.145426288165348751e+03
-1.146192729238044194e+03
-1.146389228997281407e+03
-1.146123002727293169e+03
-1.145757907482278142e+03
-1.145486988566064156e+03
-1.145491619706422853e+03
-1.145681188315712689e+03
-1.145959845310320816e+03
-1.146328378002492855e+03
-1.146699776017117983e+03
-1.147170639372430742e+03
-1.147265976921258243e+03
-1.147146644726499972e+03
-1.147001620438929422e+03
-1.146959573259323861e+03
-1.146965880843476043e+03
-1.146989429072467601e+03
-1.147050821451977754e+03
-1.147176542335586873e+03
-1.147338832234188430e+03
-1.147568788217279462e+03
-1.147823937137884968e+03
-1.148150915258902614e+03
-1.148523203131549963e+03
-1.148943306899382605e+03
-1.149415803794717704e+03
-1.149514492799094114e+03
-1.149375839601856569e+03
-1.149231241629606529e+03
-1.149178263517126879e+03
-1.149198868006998964e+03
-1.149243861517067899e+03
-1.149335527410861459e+03
-1.149481426919466003e+03
-1.149675240457098653e+03
-1.149895937037327485e+03
-1.150217049505530440e+03
-1.150562481334233325e+03
-1.150948587188214788e+03
-1.151417355126623761e+03
-1.151901529389565894e+03
-1.152479177984957460e+03
-1.153084760312800654e+03
-1.153745488842171881e+03
-1.154458377289654663e+03
-1.155217946195470631e+03
-1.156064727374611493e+03
-1.156858778264976991e+03
-1.157812723972733465e+03
-1.158781221884216393e+03
-1.159795232636832452e+03
-1.160865416572105232e+03
-1.161983424261053869e+03
-1.163156977637050659e+03
-1.164431886700015411e+03
-1.165915051397857496e+03
-1.167309837006654789e+03
-1.168702677468994352e+03
-1.170084905468137549e+03
-1.171508916894563527e+03
-1.173170213051957717e+03
-1.174692436959833458e+03
-1.176393460349629095e+03
-1.178015333263667799e+03
-1.179894784066113516e+03
-1.181912648730330147e+03
-1.183913465384549454e+03
-1.185735908065331614e+03
-1.187684669772042753e+03
-1.189763501235600415e+03
-1.191727467039836483e+03
-1.193824657611632119e+03
-1.195968487290590701e+03
-1.198164965571941593e+03
-1.200500253639072071e+03
-1.203170740944152840e+03
-1.205520694656122259e+03
-1.207919306007262776e+03
-1.210466120400326645e+03
-1.212960635811777593e+03
-1.215406738558799816e+03
-1.218101945761399520e+03
-1.220741529737258361e+03
-1.223318954836196554e+03
-1.226047640316690604e+03
-1.229390476140648161e+03
-1.232218212548986457e+03
-1.235088195020915009e+03
-1.238128643564633649e+03
-1.240973613070547572e+03
-1.243860794664446757e+03
-1.247156148717044516e+03
-1.250129062083964754e+03
-1.253395341404283727e+03
-1.256450139650734855e+03
-1.260330184588421616e+03
-1.263739942560121563e+03
-1.266795083207945936e+03
-1.270155838242283380e+03
-1.273698610145750990e+03
-1.277145768219837919e+03
-1.280632029376483160e+03
-1.284161024388765782e+03
-1.287730464370552909e+03
-1.291483228113181895e+03
-1.295724129243104926e+03
-1.299420829423133227e+03
-1.303156609306140808e+03
-1.306931142219832282e+03
-1.310744079151506412e+03
-1.314593259752783069e+03
-1.318640321566989542e+03
-1.322409893520390824e+03
-1.326375080074820517e+03
-1.330374871289939392e+03
-1.335226387784182407e+03
-1.339307584400664837e+03
-1.343424272323419473e+03
-1.347576083237345983e+03
-1.351762645684932295e+03
-1.355983585099489346e+03
-1.360412500728638179e+03
-1.364529505990399230e+03
-1.368851298318280897e+03
-1.373205938928947262e+03
-1.378473540850847257e+03
-1.383078117844295548e+03
-1.387356956925471650e+03
-1.391846516751850913e+03
-1.396365623107132478e+03
-1.400916328411500899e+03
-1.405498186469585335e+03
-1.410107229187517305e+03
-1.414745429501690978e+03
-1.419412372437922386e+03
-1.425054547892152641e+03
-1.429784350574996779e+03
-1.434734380194218147e+03
-1.439326559164722084e+03
-1.444332137389242007e+03
-1.448975884990412396e+03
-1.453838314070532533e+03
-1.458726974811168020e+03
-1.463639420669714127e+03
-1.468575257834913373e+03
-1.473537108840748942e+03
-1.478523337936345342e+03
-1.483331738795603542e+03
-1.488565165114296633e+03
-1.493617937309784793e+03
-1.498694082562057929e+03
-1.503790541220928162e+03
-1.508906086685291257e+03
-1.514042737136777305e+03
-1.519405870217536403e+03
-1.524374276361257671e+03
-1.529569016731815054e+03
-1.534780733911269408e+03
-1.540012730072635122e+03
-1.545261930706207522e+03
-1.550527606584869545e+03
-1.555809716605745280e+03
-1.561107415555434272e+03
-1.566208589171349558e+03
-1.571964599284503493e+03
-1.577952641815523293e+03
-1.583528487159441738e+03
-1.588902272451140561e+03
-1.594290231063045667e+03
-1.599690214187740594e+03
-1.604886110259299812e+03
-1.610744969769207046e+03
-1.615745257399035381e+03
-1.621192011257374133e+03
-1.627085420290598222e+03
-1.632114289787364669e+03
-1.638028111486137050e+03
-1.643292904497470317e+03
-1.648785199445886064e+03
-1.654065095227108259e+03
-1.660012745166297009e+03
-1.665527381789008359e+03
-1.671047976142191374e+03
-1.676353585958868734e+03
-1.681885382111030594e+03
-1.687200495038628333e+03
-1.692962694728789074e+03
-1.698506766034241082e+03
-1.704054523360340909e+03
-1.709604877385708278e+03
-1.715157843910937800e+03
-1.720712469917047656e+03
-1.726490729781132814e+03
-1.731602922366315397e+03
-1.737604531942598442e+03
-1.742939099921633670e+03
-1.749384110897380424e+03
-1.755161110151325829e+03
-1.760935981207547229e+03
-1.766264597130278389e+03
-1.771812579440522768e+03
-1.777357240992359266e+03
-1.782898485434629720e+03
-1.788435098874619825e+03
-1.793967196211470991e+03
-1.799494151631642808e+03
-1.806118224988092834e+03
-1.811632444299994404e+03
-1.816918980126712540e+03
-1.822639009339711720e+03
-1.828349822060125462e+03
-1.833394421047449441e+03
-1.839306872679889693e+03
-1.844334626438861733e+03
-1.847174714944870402e+03
-1.847831560147610389e+03
-1.848269953995615879e+03
-1.848269892039989145e+03
-1.848269678106726133e+03
-1.848048591902857424e+03
-1.848491263834235269e+03
-1.848269499029042663e+03
-1.848491403599695104e+03
-1.848269177621836207e+03
-1.848713652112856380e+03
-1.848713652112856380e+03
-1.848713652112856380e+03
-1.848713635544236467e+03
-1.848713554856231895e+03
-1.848713557235336566e+03
-1.848713734563185881e+03
-1.848713534310096975e+03
-1.848493684836697412e+03
-1.848493752817434370e+03
-1.848494045908460748e+03
-1.848494045908460748e+03
-1.848494134209678805e+03
-1.848494230272265440e+03
-1.848494338680384999e+03
-1.848494222606025232e+03
-1.848494463155054063e+03
-1.848494076880967441e+03
-1.848284742352275316e+03
-1.848286332188488586e+03
-1.848494510515689399e+03
-1.848699590030650370e+03
-1.848291252233869500e+03
-1.848494334056937305e+03
-1.848494155489220702e+03
-1.848494341226675715e+03
-1.848494731137121789e+03
-1.848300682769001469e+03
-1.848494733217560679e+03
-1.848494733217560679e+03
-1.848494733217560679e+03
-1.848494733217560679e+03
-1.848494496656173624e+03
-1.848494252264223178e+03
-1.848494252264223178e+03
-1.848494252264223178e+03
-1.848493990097579626e+03
-1.848493454654008929e+03
-1.848493454654008929e+03
-1.849825385799324295e+03
-1.853484294415025488e+03
-1.856152609703483449e+03
-1.856978766002233897e+03
-1.857304973709472961e+03
-1.858269196931890519e+03
-1.860987241935215707e+03
-1.863224185453170321e+03
-1.864172582989559260e+03
-1.864486242227643061e+03
-1.864639151393279235e+03
-1.866610116950994097e+03
-1.870100991293189509e+03
-1.872387596246668409e+03
-1.873292764681120389e+03
-1.873589929983286765e+03
-1.873735039353794946e+03
-1.873877585458051271e+03
-1.875286514627925499e+03
-1.878091687226827389e+03
-1.880341949497444148e+03
-1.880897811134669155e+03
-1.881445430017703302e+03
-1.881713069355638027e+03
-1.882636149586022384e+03
-1.884194937479073587e+03
-1.886790071177398886e+03
-1.889141712959643883e+03
-1.890047787005153396e+03
-1.890429336304751814e+03
-1.891054165577990716e+03
-1.891421796011000197e+03
-1.891889781051366981e+03
-1.893867966507875963e+03
-1.896439720382307542e+03
-1.898202155896766499e+03
-1.898896244044010700e+03
-1.899577359552977668e+03
-1.900245417124022651e+03
-1.901009727080322818e+03
-1.902849671244223828e+03
-1.905349303051342531e+03
-1.906431898762628180e+03
-1.906961960651715572e+03
-1.907378151610276745e+03
-1.907583269905526549e+03
-1.908074113321198638e+03
-1.909622223471132429e+03
-1.912051902291334045e+03
-1.914524597583138757e+03
-1.916229375397512740e+03
-1.916918970852326765e+03
-1.917400362399769847e+03
-1.917492151188805792e+03
-1.917762127893827710e+03
-1.918466004843673772e+03
-1.920552128585834907e+03
-1.922762118357012469e+03
-1.924651562442469640e+03
-1.925276372776649168e+03
-1.925711029952009767e+03
-1.926134434434346304e+03
-1.926548494186262360e+03
-1.926865562491703258e+03
-1.928029701855647318e+03
-1.929809880453920414e+03
-1.931783035883949196e+03
-1.933720783174856706e+03
-1.934769808710642110e+03
-1.935006335355728424e+03
-1.935313563148645926e+03
-1.935610508717570156e+03
-1.935893542586615240e+03
-1.936931473589012967e+03
-1.938518304281511746e+03
-1.940284773337682964e+03
-1.941723840963219345e+03
-1.942005678876409547e+03
-1.942212064934772798e+03
-1.942410033302088095e+03
-1.942906281466816381e+03
-1.944328348840503622e+03
-1.945776647829791273e+03
-1.946402607339789256e+03
-1.946584050815525416e+03
-1.946700825449681588e+03
-1.946647933416543310e+03
-1.946900121071814056e+03
-1.947623480738449416e+03
-1.948686378077995187e+03
-1.949316243002128658e+03
-1.949737770413494445e+03
-1.950144075565850926e+03
-1.950359267853027177e+03
-1.950481362290466905e+03
-1.950821157204122983e+03
-1.951445259387436863e+03
-1.952382688809120054e+03
-1.953396303502028559e+03
-1.953997681226727309e+03
-1.954150818837152883e+03
-1.954332498908335765e+03
-1.954466131417250608e+03
-1.954646395257226004e+03
-1.955134913858747495e+03
-1.955808284272678748e+03
-1.956580764227127020e+03
-1.957434200252756909e+03
-1.958163719272606386e+03
-1.958403707215199347e+03
-1.958499252608620964e+03
-1.958559201170133747e+03
-1.958771051775514707e+03
-1.959249400454921442e+03
-1.959865744810073011e+03
-1.960572940119542181e+03
-1.961420736431196246e+03
-1.962143260583206484e+03
-1.962325190660766339e+03
-1.962467768758466946e+03
-1.962575154937366051e+03
-1.962763189313254315e+03
-1.963221147821227305e+03
-1.963812100305298600e+03
-1.964431058113498239e+03
-1.965102223505071152e+03
-1.965584486887981257e+03
-1.965800929520574755e+03
-1.965902469834521298e+03
-1.966041822276036783e+03
-1.966314325191346370e+03
-1.966756872933554405e+03
-1.967308926205792432e+03
-1.967818911929636897e+03
-1.967976749538957620e+03
-1.968119101761833690e+03
-1.968374434978366480e+03
-1.968801545027901511e+03
-1.969297863678825252e+03
-1.969685382572686649e+03
-1.969843703005577936e+03
-1.969968040100645567e+03
-1.970248227161801424e+03
-1.970444844991625814e+03
-1.970757834116684990e+03
-1.971214866334368025e+03
-1.971409773897478090e+03
-1.971472796832642416e+03
-1.971500112523642429e+03
-1.971502212790242083e+03
-1.971548461340704989e+03
-1.971626248798941560e+03
-1.971687638466704129e+03
-1.971696048487109010e+03
-1.971694786974492217e+03
-1.971690582160674921e+03
-1.971700250757926142e+03
-1.971677133474656785e+03
-1.971536380294212904e+03
-1.971204908974034424e+03
-1.971021740951628544e+03
-1.970925146832043310e+03
-1.970860491377470453e+03
-1.970834479712277698e+03
-1.970836565118352610e+03
-1.970801806318902209e+03
-1.970800977345301362e+03
-1.970844015201406364e+03
-1.970799327642098433e+03
-1.970796461531037039e+03
-1.970850167135534775e+03
-1.970851384354371930e+03
-1.970852596419030306e+03
-1.970787945018495066e+03
-1.970857005994632800e+03
-1.970781980952550157e+03
-1.970780013489213388e+03
-1.970860946891817775e+03
-1.970861333563597555e+03
-1.970770317423615325e+03
-1.970864772961168228e+03
-1.970865150341030585e+03
-1.970762031953217729e+03
-1.970339529532426241e+03
-1.968642143540700999e+03
-1.966223618783365055e+03
-1.965380849152993278e+03
-1.964734010984567476e+03
-1.964622788818346862e+03
-1.964507941084357753e+03
-1.964392022063806053e+03
-1.964269711062467422e+03
-1.964393416380095232e+03
-1.963122624613922426e+03
-1.960574829319154787e+03
-1.959173754358840142e+03
-1.958654388333701490e+03
-1.958392150704334199e+03
-1.958122505936574044e+03
-1.958122505936574044e+03
-1.957560105352853270e+03
-1.957129251226593851e+03
-1.954808119101931425e+03
-1.952055160436291771e+03
-1.951034302925018210e+03
-1.950293900729757979e+03
-1.950142832599032772e+03
-1.949532732058694819e+03
-1.948759689447859500e+03
-1.946729860032704210e+03
-1.942518458550281139e+03
-1.941268896808859381e+03
-1.940638308513904121e+03
-1.940157807161420806e+03
-1.940157513327784500e+03
-1.939826775741636993e+03
-1.938151609105689658e+03
-1.935125417547869802e+03
-1.933607797249400846e+03
-1.932756538720316030e+03
-1.932411325855916857e+03
-1.931717477755797290e+03
-1.931364203574321664e+03
-1.930651820861445913e+03
-1.928671516474174041e+03
-1.925246312265772985e+03
-1.923082291541463746e+03
-1.922354858842253634e+03
-1.921989215957191846e+03
-1.921247111206373575e+03
-1.920310544845640379e+03
-1.916927246738033091e+03
-1.914296992249615414e+03
-1.913353467780849542e+03
-1.911831734647650819e+03
-1.910682944262653336e+03
-1.909331229980737362e+03
-1.905465957300740229e+03
-1.901997139929413834e+03
-1.900642723635913399e+03
-1.899862868207429074e+03
-1.899468967565233697e+03
-1.898283595992020764e+03
-1.897089304853552449e+03
-1.893295164423821461e+03
-1.888515712624683147e+03
-1.885139278543378623e+03
-1.883944415950107441e+03
-1.883143044134535103e+03
-1.882739842466493201e+03
-1.882537109127075155e+03
-1.879675168888456938e+03
-1.875583549781485090e+03
-1.870282995120985333e+03
-1.866215430336141480e+03
-1.864788955820056344e+03
-1.863766011498482158e+03
-1.863148209996331616e+03
-1.863147441358362130e+03
-1.860649330462342959e+03
-1.855861875168667893e+03
-1.851293611841288566e+03
-1.849424350024505884e+03
-1.848381134780968068e+03
-1.847753285005948328e+03
-1.846701101971646267e+03
-1.843746533399567170e+03
-1.839100609817291570e+03
-1.833832919468278078e+03
-1.831517012876820445e+03
-1.830460696047435249e+03
-1.830036807730369901e+03
-1.829184225944452919e+03
-1.825981690865461360e+03
-1.821284507457409745e+03
-1.815743515827926558e+03
-1.810642074273637263e+03
-1.808728396827724737e+03
-1.808088102717886386e+03
-1.807446418020504325e+03
-1.805942660307505093e+03
-1.801856950289667338e+03
-1.796700461246508667e+03
-1.791126585685228747e+03
-1.786633973383822649e+03
-1.784705520499091335e+03
-1.783631952082184625e+03
-1.782340045661760996e+03
-1.779748571294276417e+03
-1.774998956818034685e+03
-1.771978977301753957e+03
-1.770250078945299038e+03
-1.769383328161302870e+03
-1.766995014407216331e+03
-1.762000919506205719e+03
-1.756796479388215857e+03
-1.754844198883444051e+03
-1.754192088033070377e+03
-1.753320059605556253e+03
-1.750481652240456242e+03
-1.745896605524010965e+03
-1.740225079336827321e+03
-1.736303586989897440e+03
-1.733904078851694067e+03
-1.732811844977634109e+03
-1.729313537968103219e+03
-1.724069256773773532e+03
-1.721229448703435082e+03
-1.720572678798353081e+03
-1.719476335402847781e+03
-1.716622103624955116e+03
-1.711571498745585131e+03
-1.706306498652387518e+03
-1.700611064346932380e+03
-1.697764564053267122e+03
-1.696668289423412261e+03
-1.695130893758899902e+03
-1.693591239404029011e+03
-1.689630360660160250e+03
-1.684350809842788976e+03
-1.678637450001435127e+03
-1.674685980871256788e+03
-1.673587317857382004e+03
-1.672707323501325391e+03
-1.672487006470076039e+03
-1.670058345558577457e+03
-1.665641288761169790e+03
-1.660122089170258278e+03
-1.654608742633187603e+03
-1.649102221332295130e+03
-1.646019246708633318e+03
-1.644917056985935687e+03
-1.642269195172859327e+03
-1.637195233787216011e+03
-1.632345888338601071e+03
-1.630802149729923258e+03
-1.629918906968638339e+03
-1.628150252405834635e+03
-1.623506229706589920e+03
-1.618200756844524449e+03
-1.612900413742998353e+03
-1.609368994171000395e+03
-1.608485320787529417e+03
-1.607600630128688408e+03
-1.606271807368664213e+03
-1.602505320433395809e+03
-1.597188629829100819e+03
-1.591654222763429516e+03
-1.585903749311137062e+03
-1.581040932108730203e+03
-1.577947084545064627e+03
-1.577283588717929661e+03
-1.575955096066547640e+03
-1.574403715390800926e+03
-1.570413796809312998e+03
-1.565094830571282046e+03
-1.559557075743465248e+03
-1.553581681053632110e+03
-1.549158439136980633e+03
-1.547831074602587478e+03
-1.546723859910645842e+03
-1.545172812463554919e+03
-1.541625429428080452e+03
-1.536083624446738668e+03
-1.530544376712909298e+03
-1.525230581841633921e+03
-1.520805273645173656e+03
-1.519698131782572091e+03
-1.518368751755134554e+03
-1.517038158521037531e+03
-1.512823834672842395e+03
-1.507280194588147197e+03
-1.501960600753925974e+03
-1.496201917056267121e+03
-1.493766204959198831e+03
-1.492436426009054003e+03
-1.491106121577801787e+03
-1.489774824290236211e+03
-1.486223526586245953e+03
-1.480897203442029422e+03
-1.475128861975211066e+03
-1.469806905181516868e+03
-1.466260239159826597e+03
-1.465151174103283438e+03
-1.464263461750595297e+03
-1.461377294362769135e+03
-1.456493006289432060e+03
-1.450944139588538974e+03
-1.445397796228641710e+03
-1.440076491466524431e+03
-1.438081008320337332e+03
-1.437415360470700762e+03
-1.436305270712496849e+03
-1.432752053173452850e+03
-1.427644557730638098e+03
-1.421872313069397478e+03
-1.416325046019366027e+03
-1.411446268155857297e+03
-1.409449732711102115e+03
-1.408783912469796178e+03
-1.407895808908589515e+03
-1.404785939840339552e+03
-1.399676549223692291e+03
-1.394346228454324546e+03
-1.388573603026624824e+03
-1.383247797057581010e+03
-1.378146720374886172e+03
-1.376150349481525609e+03
-1.375262543838312013e+03
-1.375262598313031958e+03
-1.372818810790070756e+03
-1.367708757642000137e+03
-1.362155240502784181e+03
-1.356381229009420622e+03
-1.351275830450888407e+03
-1.349277927105053777e+03
-1.348611675480532540e+03
-1.347056518778184000e+03
-1.343056939978955597e+03
-1.337502483663408611e+03
-1.332171320406332825e+03
-1.326620031094120122e+03
-1.322623973808651272e+03
-1.321513817656270476e+03
-1.320180882159233079e+03
-1.317292238898311552e+03
-1.312181679752944092e+03
-1.306627878939577158e+03
-1.301519965979019162e+03
-1.299521122698578438e+03
-1.298632449454839389e+03
-1.297521288548126449e+03
-1.293965156008241593e+03
-1.288631074066159499e+03
-1.281964250347747111e+03
-1.276410003608228635e+03
-1.272412027432287005e+03
-1.271301202978830361e+03
-1.270190088339735212e+03
-1.267078527072562338e+03
-1.262189010435919954e+03
-1.256633335161528976e+03
-1.250856711195844355e+03
-1.245526479628629204e+03
-1.243749547772576307e+03
-1.243082981597111939e+03
-1.242638524339883134e+03
-1.243083070290355863e+03
-1.240415867639070711e+03
-1.235081515899399164e+03
-1.228635476382223032e+03
-1.223078485544230716e+03
-1.217744181930320565e+03
-1.211966381299316708e+03
-1.206412325975275962e+03
-1.203968707066712341e+03
-1.202413177461397936e+03
-1.199746211064894851e+03
-1.195523504271784532e+03
-1.189745734133283122e+03
-1.183969455091222471e+03
-1.181525912666196746e+03
-1.179970548902844257e+03
-1.179081534958065504e+03
-1.175080723225753445e+03
-1.169746433400568094e+03
-1.164190667976815348e+03
-1.158858370027196770e+03
-1.156192473846017265e+03
-1.155303573384599076e+03
-1.153303189990790543e+03
-1.148635619723031141e+03
-1.143079294833708445e+03
-1.138857188462870681e+03
-1.137745982879097028e+03
-1.135745478968978432e+03
-1.131744414005689123e+03
-1.126187535199383547e+03
-1.120853449676319997e+03
-1.116186786224094476e+03
-1.114631157056861639e+03
-1.114186629402474864e+03
-1.112630662824957199e+03
-1.108629651425097109e+03
-1.103072640699816475e+03
-1.097515619102704477e+03
-1.092181315753176023e+03
-1.087958742728691277e+03
-1.086625159102400175e+03
-1.083735553215168238e+03
-1.078623190926586176e+03
-1.073066714235282006e+03
-1.068622042903406054e+03
-1.066844080507243007e+03
-1.066177253427641745e+03
-1.062620734282139892e+03
-1.057508247763634699e+03
-1.051951391894009930e+03
-1.047950829144511772e+03
-1.046617193016413466e+03
-1.046617192618664149e+03
-1.048617268571857039e+03
-1.049728136349541955e+03
-1.046620967405352985e+03
-1.041515746704755657e+03
-1.035964557063333359e+03
-1.030189137374235088e+03
-1.024634233650561782e+03
-1.019078120219918901e+03
-1.013521322155714870e+03
-1.007742007629691898e+03
-1.002185217918104286e+03
-9.968513838922352761e+02
-9.926294354110323184e+02
-9.912960501187324098e+02
-9.908515186194478019e+02
-9.901846793423607096e+02
-9.864061175824136853e+02
-9.810715989240977706e+02
-9.757368922645277962e+02
-9.699575956371817256e+02
-9.646233060764035372e+02
-9.586233000159935500e+02
-9.557348597126622280e+02
-9.546236541288888020e+02
-9.539568399096737039e+02
-9.521785919379409506e+02
-9.477330111205376397e+02
-9.423982599132821179e+02
-9.366189671308144398e+02
-9.310624165932863434e+02
-9.261734134183362812e+02
-9.235066466790843833e+02
-9.226176162950330308e+02
-9.217285095448537504e+02
-9.195057278202948510e+02
-9.146156768894294373e+02
-9.090586884379882804e+02
-9.032793843859955132e+02
-8.979450794458236942e+02
-8.923894826532281286e+02
-8.899451671283810583e+02
-8.892784127021908489e+02
-8.875001912469468834e+02
-8.846105238413321104e+02
-8.792757568566936470e+02
-8.734965517111376130e+02
-8.679402659316273230e+02
-8.643846033718242552e+02
-8.634955505816452614e+02
-8.628287098461512414e+02
-8.614950995714174269e+02
-8.568276067300482737e+02
-8.512709311704347783e+02
-8.457139322449841075e+02
-8.401569748176156054e+02
-8.343783376433733565e+02
-8.301560819997159797e+02
-8.286004370572693460e+02
-8.274890695957061553e+02
-8.245994271156515651e+02
-8.192647121035063265e+02
-8.134856925717637068e+02
-8.083742465289824395e+02
-8.063740793679121452e+02
-8.068186467967210547e+02
-8.088190247562052946e+02
-8.121510546253332450e+02
-8.152568301138143170e+02
-8.130414924225621007e+02
-8.083900392205885055e+02
-8.028494332120906165e+02
-7.973050353309497496e+02
-7.915354011588722187e+02
-7.859853241187238382e+02
-7.804328607541476686e+02
-7.748785800781663511e+02
-7.693228908835244511e+02
-7.637662902310293020e+02
-7.582092752630350105e+02
-7.524300251721565473e+02
-7.470958741557011535e+02
-7.415404705172328477e+02
-7.355423728503096754e+02
-7.311006451178433281e+02
-7.297680195295946532e+02
-7.288792903460973776e+02
-7.284348385247914166e+02
-7.259897678487933490e+02
-7.210995571560071085e+02
-7.157649126775531840e+02
-7.104305519211990259e+02
-7.046526938882755076e+02
-6.993207274733814529e+02
-6.955447305857352376e+02
-6.948781911876548065e+02
-6.944337377757490231e+02
-6.926555143317058310e+02
-6.882098765036738541e+02
-6.824306848815477906e+02
-6.766519081029268818e+02
-6.713184375938470794e+02
-6.659863122339348820e+02
-6.626540373180826009e+02
-6.613208641353063513e+02
-6.604318899637992217e+02
-6.588759377051517276e+02
-6.546526011587903895e+02
-6.490957081665479791e+02
-6.437614900659913246e+02
-6.379835747620239772e+02
-6.333178769210505834e+02
-6.319846887591723998e+02
-6.313179694657909522e+02
-6.302065815865119021e+02
-6.266500711915006150e+02
-6.215375834797454218e+02
-6.157583543366887397e+02
-6.102018073793068424e+02
-6.046463057698798593e+02
-5.993140668120788632e+02
-5.977588549654751660e+02
-5.966476916728147444e+02
-5.955363590797876441e+02
-5.939803828237083962e+02
-5.893124821630863153e+02
-5.837554274202400393e+02
-5.779762693413903207e+02
-5.726422394991909641e+02
-5.668648282270073651e+02
-5.613112882857531076e+02
-5.573140501174353858e+02
-5.562033848644136924e+02
-5.548703138907974335e+02
-5.546481123069776231e+02
-5.568708990697648460e+02
-5.548708146348724313e+02
-5.499820035568225194e+02
-5.446481264431828322e+02
-5.388689935546404968e+02
-5.333119520701036436e+02
-5.277552094244064165e+02
-5.217547290203098100e+02
-5.164222666883836155e+02
-5.110916287319266189e+02
-5.053193722677878554e+02
-5.017684050522565826e+02
-5.011025080893925860e+02
-5.008804405182424375e+02
-5.017694719592015531e+02
-5.051035459730053390e+02
-5.053259481301268465e+02
-5.013276319622105461e+02
-4.957738548806774475e+02
-4.904409735117183686e+02
-4.848847281685036137e+02
-4.791055602783755489e+02
-4.735485410677593450e+02
-4.677696580927814693e+02
-4.622138653570889915e+02
-4.568816242713544398e+02
-4.511069000830831897e+02
-4.460007759653273069e+02
-4.460007949183136589e+02
-4.480004192168121904e+02
-4.511121972532091604e+02
-4.544456420696941450e+02
-4.546680054773511301e+02
-4.506722050272150000e+02
-4.453434242365871114e+02
-4.397906281761252103e+02
-4.331248683172585743e+02
-4.275687548866156362e+02
-4.217896388356620605e+02
-4.162325992072813960e+02
-4.108981175384983544e+02
-4.075643576058951112e+02
-4.086757415078241706e+02
-4.115651271821716932e+02
-4.137866276304155804e+02
-4.111227206385570980e+02
-4.062387956927702817e+02
-4.004653012349124310e+02
-3.949115514608383251e+02
-3.893563660324248303e+02
-3.838001261237632775e+02
-3.782432396278709348e+02
-3.726862100757678036e+02
-3.671295386254502091e+02
-3.622404352242007803e+02
-3.620182036799320144e+02
-3.615736377095362855e+02
-3.573503069968275554e+02
-3.517934352177601340e+02
-3.462369957810209939e+02
-3.406816024813981016e+02
-3.349058830889525211e+02
-3.295762547160084637e+02
-3.229178548197838836e+02
-3.171502656465561927e+02
-3.118297443055429881e+02
-3.065132785334230903e+02
-3.045193244484256070e+02
-3.038542303904984578e+02
-3.034106320576392477e+02
-3.018564869431642705e+02
-2.974150038886358516e+02
-2.918637413572139963e+02
-2.863146794478967649e+02
-2.807689736535257339e+02
-2.783292219764610422e+02
-2.781074215671388856e+02
-2.805506245483329053e+02
-2.812172091466875941e+02
-2.781053695946866355e+02
-2.732153137582247382e+02
-2.676589117086026590e+02
-2.618811415701014198e+02
-2.563271531893020665e+02
-2.507751524078727527e+02
-2.465572907424865718e+02
-2.472236884271021893e+02
-2.485567506544593641e+02
-2.458897296359843665e+02
-2.407779728378970105e+02
-2.354447377741333582e+02
-2.298910000563639642e+02
-2.241170667591199503e+02
-2.187897262675395211e+02
-2.152393655478985295e+02
-2.136854930435449660e+02
-2.143517596471719173e+02
-2.167962214040482536e+02
-2.199079977170546272e+02
-2.201304011923333803e+02
-2.165764867245796665e+02
-2.099117209465968017e+02
-2.043562253055896178e+02
-1.987997307166706378e+02
-1.932427588379679548e+02
-1.879080680882434820e+02
-1.821292890556127873e+02
-1.767960737428605285e+02
-1.710199049897805992e+02
-1.699092341718307466e+02
-1.716871908687539019e+02
-1.750212696555147147e+02
-1.761324739010367182e+02
-1.728008516757028303e+02
-1.679138563024975497e+02
-1.621369372448276920e+02
-1.568031387485841321e+02
-1.501349423311684745e+02
-1.445779399584599787e+02
-1.390212598908418045e+02
-1.336877423186279827e+02
-1.330210833462964217e+02
-1.345770082932151297e+02
-1.376884106101184386e+02
-1.376887425105328191e+02
-1.339143936407294859e+02
-1.285845990733637336e+02
-1.230307761219902432e+02
-1.172533090359705881e+02
-1.119192505586146638e+02
-1.063623416563686988e+02
-1.008053280142008390e+02
-9.413750083186172901e+01
-8.880421870496411429e+01
-8.613795400314910466e+01
-8.791596850289509746e+01
-9.102777809267632847e+01
-9.436004628813061856e+01
-9.325064112785472048e+01
-8.881241103544203952e+01
-8.370697273062484101e+01
-7.793301292657815793e+01
-7.260134264151649575e+01
-6.682385315325952035e+01
-6.126755743039346669e+01
-5.571064866080622835e+01
-5.015362374911340027e+01
-4.459694673059880898e+01
-3.881903553405479101e+01
-3.570818445747869418e+01
-3.459694055934971146e+01
-3.393011560107768076e+01
-3.348555612721094121e+01
-3.348555612721094121e+01
-3.326350352736952942e+01
-3.348534980991872345e+01
-3.348524452893168046e+01
-3.326398231657132953e+01
-3.326408573261014823e+01
-3.348402735712495826e+01
-3.326466924553802329e+01
-3.326489435358413260e+01
-3.348266277805966951e+01
-3.348238777282531231e+01
-3.326665762093063705e+01
-3.369674918290390764e+01
-3.348251031129805000e+01
-3.369497147674102422e+01
-3.369432895247145865e+01
-3.348435230932875584e+01
-3.348536767299444250e+01
-3.369228578478770686e+01
-3.348646393891745277e+01
-3.369083148534356553e+01
-3.348780814836111119e+01
-3.348871296940786380e+01
-3.348927944027889936e+01
-3.348967122901679971e+01
-3.349108455020022745e+01
-3.368465657192191998e+01
-3.349427724644201021e+01
-3.349539794098618017e+01
-3.386721014217874171e+01
-3.239412184165488640e+01
-2.872142474654005539e+01
-2.633044694554214260e+01
-2.523448026144450651e+01
-2.487140855217894497e+01
-2.469195797906167655e+01
-2.469195797906167655e+01
-2.277295680007439671e+01
-1.911504892024173330e+01
-1.649496399681115122e+01
-1.562840702397912196e+01
-1.528416542995642580e+01
-1.494504554676359298e+01
-1.477934749680970405e+01
-1.330016701523056177e+01
-1.052000281714228613e+01
-7.234196428521856959e+00
-5.923277055857607998e+00
-5.274105564349187425e+00
-5.274105564349187425e+00
-4.958267445803554274e+00
-4.190574573626140165e+00
-1.744130600771362172e+00
1.475799004401931569e+00
3.001117707129369983e+00
3.152391360566128231e+00
3.447775232174973059e+00
3.591820441003078290e+00
3.590196428261063666e+00
4.842856638456222385e+00
7.756876374981044542e+00
1.040957615974419603e+01
1.165928038014645551e+01
1.206858643814693899e+01
1.247255292737042609e+01
1.247051750123362623e+01
1.259998972567583664e+01
1.372802309939317666e+01
1.622399530052435779e+01
1.860922525980610942e+01
1.923069119232715352e+01
1.959832570385817974e+01
1.995500669080846023e+01
2.029917680814435954e+01
2.189916702708376306e+01
2.441549789925544900e+01
2.707569482802519190e+01
2.776654823031397612e+01
2.833004042569331915e+01
2.843968277132660205e+01
2.865345082296270718e+01
3.000762647931632543e+01
3.209020437458000430e+01
3.473521577393392334e+01
3.568444287745762011e+01
3.599491344324500375e+01
3.619903767917497106e+01
3.678397325391566142e+01
3.802697304971076164e+01
4.023414975019719719e+01
4.237501679540470434e+01
4.295503586220878134e+01
4.333387109316080910e+01
4.360768068024413679e+01
4.378020933706609696e+01
4.507139903210007503e+01
4.705809237320228533e+01
4.917242983339490081e+01
4.996192515924352051e+01
5.021798918466117811e+01
5.113341807590462196e+01
5.236388065054129015e+01
5.309190761470431141e+01
5.420866733837523554e+01
5.508143655429266516e+01
5.577329401185512125e+01
5.730760016408491708e+01
5.902639915421245576e+01
5.956648129529899904e+01
5.979235964722622754e+01
6.000831675050253722e+01
6.055854642854163927e+01
6.178286358927333310e+01
6.343275358051743495e+01
6.526802281620329893e+01
6.604978643872570387e+01
6.625777209499824494e+01
6.652387223511412628e+01
6.703275777911726152e+01
6.828562062001689981e+01
6.974977395064655639e+01
7.125055088918477963e+01
7.183683268611088124e+01
7.215297144810834595e+01
7.245497319241634671e+01
7.333505185404884230e+01
7.474366233397003612e+01
7.620289876691757058e+01
7.693433814540968285e+01
7.711132626560625170e+01
7.728222521415997903e+01
7.770631385629239674e+01
7.875530266788916833e+01
8.009093687763996172e+01
8.124613251918918877e+01
8.190572083879639820e+01
8.222266300407669348e+01
8.237274658539172378e+01
8.325727249606056546e+01
8.445549348035946480e+01
8.520960667132948174e+01
8.565576220664488005e+01
8.593623190111053134e+01
8.611237118149215064e+01
8.611360966637208492e+01
8.615154905607364810e+01
8.614947006684010944e+01
8.617784691597273650e+01
8.617492181153880892e+01
8.615406846987309564e+01
8.617115191201177993e+01
8.615742410909226123e+01
8.616527167901355710e+01
8.616232859785290543e+01
8.616246876214992767e+01
8.616246876214992767e+01
8.616246876214992767e+01
8.616246876214992767e+01
8.616372594515330263e+01
8.616247002911261177e+01
8.618820298135469216e+01
8.615996538529586246e+01
8.615871895419090265e+01
8.615830491577287376e+01
8.615541465157765799e+01
8.620147305002520000e+01
8.620392932877763315e+01
8.614886271030881915e+01
8.620677654889313146e+01
8.614360303320798096e+01
8.620918732265440099e+01
8.620878988912049579e+01
8.613363133388767778e+01
8.629222926379043201e+01
8.621233188297094330e+01
8.612426642685453260e+01
8.630501385266239822e+01
8.621309943875363047e+01
8.621271829534632047e+01
8.621234316502058448e+01
8.610539535167764313e+01
8.610283095759099581e+01
8.621417245660481399e+01
8.621452879101973110e+01
8.621488131386598752e+01
8.621662580542647447e+01
8.608864182576508028e+01
8.635076029820704946e+01
8.608391498159178923e+01
8.621868896684925687e+01
8.621933701256175198e+01
8.621869305589173393e+01
8.607000563159836304e+01
8.472589943481138164e+01
8.216804583093463066e+01
7.855013309667916133e+01
7.568375247101859316e+01
7.236262052552579860e+01
6.949191577254426022e+01
6.632349915860797296e+01
6.344971153344865655e+01
6.012210528587898040e+01
5.724523749357727098e+01
5.421719877803408139e+01
5.134526141718853154e+01
4.816759186197506182e+01
4.499207842376128497e+01
4.211644486675412935e+01
3.894093142854035250e+01
3.591505099843444526e+01
3.289070848346214859e+01
2.986390400321351279e+01
2.683802140467000541e+01
2.365942779931381068e+01
2.078440810729754062e+01
1.775667903479677889e+01
1.473110445296751614e+01
1.170522402286159824e+01
8.525708535800271548e+00
5.651920910640967577e+00
2.623576888930517992e+00
-4.007656260417810090e-01
-3.425108141014079788e+00
-6.300435849744590477e+00
-9.475025237815644985e+00
-1.250059981964491129e+01
-1.537192168806905812e+01
-1.854651107614010641e+01
-2.141783294456424969e+01
-2.459149665947135333e+01
-2.761213810480908037e+01
-3.078117345389644299e+01
-3.365187820687795295e+01
-3.727566055657501209e+01
-4.014296847510796340e+01
-4.346255493248009572e+01
-4.633140671942526723e+01
-4.949951639534867809e+01
-5.221658176331818169e+01
-5.538684972358236536e+01
-5.855464868217320173e+01
-6.127109693470006846e+01
-6.458914168327125083e+01
-6.730682416668339840e+01
-7.062486891525456656e+01
-7.349125224042920479e+01
-7.650818829359707252e+01
-7.952481524914080069e+01
-8.254298823270799801e+01
-8.555621727399753240e+01
-8.872339965704854592e+01
-9.143799494353906709e+01
-9.460177725272464500e+01
-9.776988476903679270e+01
-1.004844778959160720e+02
-1.038009771563665993e+02
-1.068182244667698342e+02
-1.096812093377874788e+02
-1.126999994367972988e+02
-1.157144648685833630e+02
-1.187314014616540447e+02
-1.215993291951437101e+02
-1.246137946269297885e+02
-1.277822090812548197e+02
-1.309496989422215165e+02
-1.336636760334638154e+02
-1.366809233438670788e+02
-1.398447056530526424e+02
-1.430115789384795448e+02
-1.457271015178424989e+02
-1.490432895210576305e+02
-1.517581917455610494e+02
-1.549244468357397011e+02
-1.580916292187907288e+02
-1.608071517981536829e+02
-1.641233419609800706e+02
-1.668379372474705917e+02
-1.698536390697531715e+02
-1.730186577694352650e+02
-1.760328141035971896e+02
-1.790448067543901800e+02
-1.820580357956797002e+02
-1.850700284464726906e+02
-1.880820210972656810e+02
-1.910940137480586714e+02
-1.941060063988516617e+02
-1.969683730746210131e+02
-2.001309189933100470e+02
-2.032940831072473316e+02
-2.061573770758891158e+02
-2.091693697266821061e+02
-2.121819805727233756e+02
-2.151952096140129242e+02
-2.180575762897822756e+02
-2.210717326239442002e+02
-2.242342785426332341e+02
-2.272487439744192841e+02
-2.301123470406851652e+02
-2.331243396914781556e+02
-2.364392934638080135e+02
-2.393013510419532679e+02
-2.423155073761152209e+02
-2.453284273197806158e+02
-2.483394926777012017e+02
-2.515048204750074490e+02
-2.545183586139211229e+02
-2.573804161920663773e+02
-2.603948800041439995e+02
-2.634068726549369899e+02
-2.665728186474914878e+02
-2.692852502506130463e+02
-2.725989676324463744e+02
-2.754644252844571497e+02
-2.786288257888909357e+02
-2.814908833670361332e+02
-2.845056578964463370e+02
-2.876700584008801229e+02
-2.905355160528908982e+02
-2.935465814108114841e+02
-2.967119092081177314e+02
-2.994246499088635005e+02
-3.027411491693140420e+02
-3.054557444558046200e+02
-3.069572378947337370e+02
-3.075501083217749851e+02
-3.079886115383796437e+02
-3.078450056037743821e+02
-3.078459799179761944e+02
-3.078463111599723447e+02
-3.079797369178789381e+02
-3.078479977245182226e+02
-3.077234645500288366e+02
-3.078483363776556985e+02
-3.078479838750803310e+02
-3.078472640554467716e+02
-3.079586075598320463e+02
-3.077392128173344190e+02
-3.078469005528778553e+02
-3.079475255256073751e+02
-3.078487797183184966e+02
-3.079418355898847608e+02
-3.078506925625870849e+02
-3.079368226750895019e+02
-3.079333103935789495e+02
-3.078545988441632630e+02
-3.078549955148491790e+02
-3.078541985596759787e+02
-3.078546016383329516e+02
-3.078554102206832681e+02
-3.078570309961232283e+02
-3.078558073389140191e+02
-3.078558073389140191e+02
-3.078537525312156049e+02
-3.078541647952418430e+02
-3.078927931769451334e+02
-3.078578963101305703e+02
-3.078861339061894000e+02
-3.078583134600430640e+02
-3.078802833255202245e+02
-3.078777682273478149e+02
-3.078637613623234870e+02
-3.078723090705838672e+02
-3.078675438492643934e+02
-3.078668430394282609e+02
-3.078713279928472275e+02
-3.078730089349563173e+02
-3.078597015500274665e+02
-3.078734294467024597e+02
-3.078534135557092100e+02
-3.078788669715783612e+02
-3.078509074643249050e+02
-3.078504917844270494e+02
-3.078884303757901648e+02
-3.078475963929579962e+02
-3.078475963929579962e+02
-3.077981148974469079e+02
-3.078500534186388222e+02
-3.078500534186388222e+02
-3.078500534186388222e+02
-3.077835296353302397e+02
-3.078540557379813549e+02
-3.079285554593498091e+02
-3.078512950063425819e+02
-3.078493414295384696e+02
-3.078489562068564283e+02
-3.078489562068564283e+02
-3.078489562068564283e+02
-3.078478258288504890e+02
-3.078478258288504890e+02
-3.078478258288504890e+02
-3.078478258288504890e+02
-3.078481878357594042e+02
-3.078485465633170293e+02
-3.077274114035005823e+02
-3.078492538525001123e+02
-3.078502896044841464e+02
-3.078506307185314199e+02
-3.077154156658042439e+02
-3.078509642345026123e+02
-3.078519395585555571e+02
-3.079953427190328057e+02
-3.078484398405660158e+02
-3.078475082458222687e+02
-3.080012293397479084e+02
-3.080030234721502325e+02
-3.080036142071987797e+02
-3.081667692205426192e+02
-3.078367866729954017e+02
-3.080033199384615159e+02
-3.078318680276419173e+02
-3.081768930579290782e+02
-3.081787015593341152e+02
-3.080007533413988199e+02
-3.081819219694990579e+02
-3.080002641339035563e+02
-3.081859470662840295e+02
-3.081875375180695187e+02
-3.079971479605787863e+02
-3.079958766017232961e+02
-3.081906723431829960e+02
-3.079950867058903441e+02
-3.079950952026424602e+02
-3.079949034931831875e+02
-3.079943670705679324e+02
-3.077901652605489176e+02
-3.077896790098091628e+02
-3.079951950976865760e+02
-3.082041960691489066e+02
-3.079950537909011246e+02
-3.082061143361913196e+02
-3.082069933863351139e+02
-3.082071112436079261e+02
-3.079921132554920291e+02
-3.082076275953358504e+02
-3.079910174106005343e+02
-3.082087772798390120e+02
-3.079900498102865072e+02
-3.082089216056388636e+02
-3.079890379974745542e+02
-3.082092736393566383e+02
-3.082097535984161709e+02
-3.079884291143367818e+02
-3.079883381088505416e+02
-3.082102611054307317e+02
-3.079881443544329045e+02
-3.079881200932171055e+02
-3.082103947257249956e+02
-3.079881979135527672e+02
-3.082103198355141558e+02
-3.079884151216111263e+02
-3.082101134053897908e+02
-3.082100722380345701e+02
-3.082100722380345701e+02
-3.082100136944316091e+02
-3.079905579711614223e+02
-3.082098824474495018e+02
-3.082098824474495018e+02
-3.082098824474495018e+02
-3.082098824474495018e+02
-3.082098824474495018e+02
-3.082098824474495018e+02
-3.082098824474495018e+02
-3.079983841397035462e+02
-3.079993136632580217e+02
-3.080001600291250270e+02
-3.082080331087490777e+02
-3.082078779008377296e+02
-3.082077138617199239e+02
-3.082066815125508015e+02
-3.082059679685827973e+02
-3.080066394190546362e+02
-3.082052200339185219e+02
-3.082050229641967576e+02
-3.080120122421307087e+02
-3.080135083163588661e+02
-3.080148220437735631e+02
-3.082019496147115660e+02
-3.082017170145754221e+02
-3.080194987652695318e+02
-3.080207239552239002e+02
-3.080217304210646603e+02
-3.080225056742041829e+02
-3.081959023296649889e+02
-3.081953595596406785e+02
-3.080292883147563998e+02
-3.081942385885654971e+02
-3.081936602537467706e+02
-3.080365323562855338e+02
-3.081924609972312510e+02
-3.080389425194283604e+02
-3.080404996358338394e+02
-3.074571877073366863e+02
-3.049858480478414435e+02
-3.014803149646014049e+02
-2.976457088071697967e+02
-2.937731819647128191e+02
-2.900103907707444932e+02
-2.862106269714150244e+02
-2.823711595989680632e+02
-2.783337152909620613e+02
-2.745748740440208167e+02
-2.704714588953811472e+02
-2.664807359573336498e+02
